208 193 121 173 141 126 135
107 76 189 170 126 117 169
158 105 112 207 135 87 51
219 156 130 126 111 50 183
47 139 169 139 141 192 79
124 156 124 136 69 197 174
98 187 173 156 142 88 186
42 175 171 96 79 167 100
155 129 180 140 84 97 167
41 214 177 228 146 129 89
46 381 307 360 178 172 55
270 177 278 222 142 150 235
70 309 222 144 104 284 136
64 276 279 299 179 205 274
222 230 204 206 74 296 341
66 181 174 241 305 294 155
335 205 182 278 281 115 327
251 88 175 273 188 148 61
146 196 326 260 229 193 287
345 280 265 277 196 223 305
