192 103 87 121 141 203 98 171 170 126 123 179 191 114 200
172 107 105 107 149 46 173 140 213 148 61 92 227 98 112
160 110 85 96 72 158 174 128 75 164 137 214 54 49 103
221 173 23 109 32 154 145 79 92 174 177 79 156 180 152
43 87 91 164 68 201 114 43 75 95 99 164 107 109 84
179 77 108 169 118 144 81 167 115 119 146 179 29 71 125
173 119 165 70 132 153 78 155 105 156 135 143 122 122 209
70 90 171 139 232 215 162 84 134 104 104 125 117 100 177
219 97 168 128 80 171 48 125 98 54 165 158 103 129 150
182 92 148 79 133 74 164 145 60 88 89 75 108 122 109
114 100 145 116 124 75 59 144 130 167 98 109 121 190 185
171 191 92 199 208 113 124 225 156 140 69 76 54 44 89
160 113 212 175 112 55 158 137 136 48 149 146 134 42 125
103 130 173 75 153 164 184 146 77 133 225 148 108 204 151
150 66 92 159 76 96 56 64 53 60 100 87 168 111 199
192 114 112 111 89 120 25 153 200 116 103 117 70 122 212
69 85 98 94 195 56 89 149 93 102 125 38 73 139 156
130 43 90 124 32 120 172 170 158 12 102 88 218 169 162
117 153 155 111 152 109 133 148 139 119 43 187 84 135 149
100 128 123 120 107 150 89 172 125 137 98 141 134 102 220
95 222 168 264 240 313 44 338 176 132 135 264 250 146 325
203 182 293 215 265 198 280 165 205 282 78 320 142 194 199
235 121 87 187 74 177 284 250 317 31 192 190 359 274 270
180 98 68 102 267 51 183 276 87 142 134 96 183 131 348
267 107 269 115 118 185 41 256 314 249 118 173 104 197 280
292 55 263 366 140 215 94 141 111 45 136 122 169 172 333
72 156 287 113 223 322 326 215 180 296 354 150 256 340 333
201 218 294 267 175 70 272 116 140 69 295 256 138 57 154
283 252 35 317 386 186 152 359 285 270 106 176 49 74 168
237 151 149 164 269 184 112 260 112 220 186 141 263 352 270
202 110 293 178 148 161 266 292 46 217 137 47 126 265 141
322 144 327 118 126 290 104 258 122 79 215 274 135 192 243
145 168 259 181 387 334 172 193 252 229 195 252 280 137 238
268 283 186 30 272 267 89 265 245 261 118 273 256 284 345
350 176 133 267 141 299 84 296 132 235 203 210 21 128 291
86 176 74 306 100 282 218 57 181 152 178 202 218 181 129
364 252 23 157 58 163 193 118 128 252 293 161 288 301 267
327 138 168 222 104 163 291 223 96 310 120 344 55 50 241
239 248 141 262 247 42 212 284 329 309 81 108 376 88 203
341 209 182 243 121 302 87 217 314 225 272 261 284 254 276
