36 60 104 53 70 36 65 66 83 32 64 54 64 64 69 54 44 73 59 75 82 31 47 63 49 68 114 61 69 21 39 66 63 41 88 98 68 28 41 50
78 74 85 103 101 83 42 83 29 63 74 69 62 57 45 41 54 64 43 50 29 106 76 91 68 51 78 51 76 86 16 45 89 83 82 58 83 38 79 73
75 60 68 74 35 77 62 59 75 65 80 93 60 14 98 54 31 72 57 77 35 70 90 83 67 76 81 47 39 25 59 76 39 17 67 57 87 62 71 83
74 69 73 9 85 51 56 55 46 67 64 41 15 70 88 75 44 26 43 41 56 93 57 65 66 63 22 58 87 77 68 34 79 69 59 55 70 70 83 52
78 70 41 100 73 52 33 57 91 73 19 78 59 70 26 76 42 74 94 78 95 67 44 101 36 59 56 69 61 88 91 46 62 95 34 94 69 77 58 71
71 57 55 73 43 28 78 46 57 41 86 73 71 45 80 70 61 29 42 53 31 55 59 37 39 79 16 42 71 76 40 99 75 64 57 90 72 20 75 87
116 88 65 46 74 35 52 71 68 73 46 86 74 74 26 38 26 59 85 45 50 38 94 47 82 70 75 62 85 78 23 30 91 75 40 49 55 77 81 94
86 69 51 54 63 55 56 73 56 73 22 75 69 82 67 54 65 76 52 66 36 67 72 59 68 73 64 82 50 44 62 70 51 51 50 28 53 101 25 81
44 87 97 71 76 33 34 50 47 64 61 93 71 29 70 64 45 35 87 73 56 20 37 93 55 39 34 56 81 78 45 105 45 42 50 78 66 33 40 55
94 93 58 95 63 61 84 54 54 32 73 83 95 70 38 64 60 66 56 63 40 44 44 46 48 56 57 63 37 59 58 31 83 84 46 75 32 59 41 27
73 38 59 85 78 70 86 77 10 31 49 81 56 58 36 61 81 68 82 60 15 93 75 86 29 76 29 32 69 75 64 45 63 26 80 71 97 54 56 54
58 50 70 43 36 83 69 61 71 48 56 41 65 67 40 87 103 41 54 73 43 84 34 40 61 70 29 56 42 98 88 87 60 84 9 53 35 80 72 58
54 54 62 88 61 65 54 39 78 50 52 86 63 45 39 84 59 65 30 50 87 77 60 43 67 59 100 41 70 62 53 73 92 100 63 51 36 52 60 47
37 60 62 49 100 83 94 40 54 66 73 46 56 57 92 86 62 62 36 31 91 83 25 64 43 44 41 28 52 39 60 35 87 59 107 55 74 66 93 58
87 92 40 61 88 38 46 58 18 87 49 53 95 43 71 60 60 30 53 35 57 89 38 31 55 69 66 91 92 61 71 55 29 43 83 37 49 89 57 73
73 59 72 82 49 57 86 77 44 50 82 65 15 36 52 45 84 50 114 39 43 57 72 46 54 65 80 46 31 63 45 62 31 59 40 66 47 83 28 69
32 31 52 56 22 51 87 102 92 71 54 48 41 41 37 61 81 75 55 78 75 51 56 94 63 97 44 43 62 58 71 64 84 56 53 45 56 47 64 75
76 72 48 101 104 98 35 51 37 66 55 65 31 61 62 56 72 57 32 97 65 112 27 73 56 51 79 89 79 27 26 78 30 47 67 31 32 80 45 81
40 53 86 92 69 103 92 61 67 78 84 78 65 61 68 106 92 58 53 64 97 94 20 76 55 86 62 74 53 41 81 47 63 116 61 86 72 94 64 41
41 102 102 50 65 64 48 76 76 55 59 56 79 42 79 69 46 106 14 45 35 53 86 65 74 97 67 42 53 49 53 31 32 83 47 54 46 74 32 69
54 72 71 86 84 96 47 33 67 75 90 58 61 48 74 70 59 77 35 45 39 68 30 56 36 49 73 49 47 71 42 69 25 68 70 42 42 95 52 61
83 64 43 62 64 41 47 100 39 79 70 87 48 58 57 88 80 86 86 65 48 66 101 33 47 88 54 64 72 54 32 78 87 73 48 26 32 58 83 100
36 40 80 41 78 72 79 27 79 58 48 62 56 33 51 58 65 88 82 82 58 57 38 47 73 44 79 86 32 39 80 45 40 91 69 73 28 59 30 100
85 35 89 88 58 77 58 53 84 50 73 53 95 82 74 34 71 33 46 38 65 72 63 58 66 42 28 54 94 33 63 78 46 42 53 52 66 46 15 65
55 82 55 78 53 52 77 23 34 65 31 97 64 51 25 62 67 57 18 34 65 26 67 30 60 86 52 58 79 40 67 72 60 78 106 76 45 63 46 110
56 116 96 60 69 65 90 48 35 85 51 55 61 67 53 79 80 44 110 41 37 66 64 69 55 61 69 33 44 35 89 76 85 100 71 51 74 57 33 13
76 36 64 59 64 40 53 33 31 56 33 98 55 44 26 43 79 34 37 84 91 90 55 47 99 44 41 35 19 38 52 79 80 46 46 48 86 73 76 71
49 50 31 85 23 80 48 69 94 71 56 36 69 59 104 50 50 76 47 67 79 51 87 69 65 75 34 68 75 80 22 59 94 50 56 86 45 103 70 67
60 68 66 66 81 98 72 73 75 66 67 60 99 37 54 49 39 65 43 48 49 29 69 74 39 50 32 90 29 73 43 40 89 71 53 45 51 79 45 54
34 87 61 60 67 58 72 69 61 91 47 21 33 51 72 50 78 55 78 63 43 63 36 73 52 72 31 62 103 33 40 69 72 32 33 67 55 81 61 38
57 49 65 35 49 68 39 69 30 72 54 88 52 45 94 72 46 76 88 46 68 60 72 43 34 86 12 59 53 82 96 94 61 50 73 17 32 76 31 59
89 104 77 60 29 77 99 31 86 78 32 50 65 18 48 66 44 55 51 85 48 71 15 72 49 93 60 76 71 67 52 74 14 89 62 43 80 42 85 81
82 95 62 46 54 55 84 45 74 45 62 53 82 34 67 47 17 37 60 81 105 81 43 62 53 92 49 34 113 64 69 52 57 65 51 45 47 90 63 86
45 74 56 78 55 113 49 74 66 76 63 54 12 74 57 104 71 59 77 62 66 73 85 77 68 33 49 38 66 41 61 100 55 68 82 35 67 47 53 66
79 60 84 88 86 55 46 31 54 107 27 44 62 82 58 14 69 77 67 65 91 55 36 32 73 72 79 55 56 82 30 99 46 34 51 80 62 57 28 18
56 84 53 70 67 50 92 93 51 70 59 114 68 111 46 39 43 40 46 63 85 44 68 98 73 60 73 78 45 25 62 82 70 83 76 63 62 55 66 80
72 64 76 72 50 87 63 60 51 101 16 41 65 75 101 38 33 87 36 78 66 84 53 61 53 78 73 78 97 75 35 52 45 42 44 95 34 104 79 105
100 34 53 40 65 68 63 59 66 73 77 35 78 75 48 62 66 87 53 54 34 27 44 46 96 42 52 83 52 57 68 31 29 25 97 68 85 33 69 80
88 74 84 62 74 75 73 73 103 66 28 94 74 71 57 79 61 82 74 92 72 43 62 48 53 79 64 63 63 67 97 55 51 75 22 12 42 87 34 53
63 104 67 51 74 75 64 78 89 75 57 58 71 71 47 77 66 53 72 24 53 34 100 101 19 46 70 28 58 49 92 61 102 41 64 80 71 83 77 43
139 173 125 122 82 90 68 113 135 167 102 121 132 137 129 138 102 70 114 55 75 41 150 174 35 80 87 55 93 110 146 71 155 72 125 124 141 153 158 124
134 111 172 123 126 126 149 123 150 87 50 156 119 87 129 90 116 134 118 148 74 34 88 90 81 115 139 123 69 112 149 96 95 144 16 26 49 128 50 127
175 64 123 86 116 91 145 126 120 137 127 71 105 166 114 94 84 171 107 138 58 41 42 94 157 50 135 140 47 111 101 40 61 44 155 111 136 42 102 127
121 93 127 122 93 138 102 130 77 168 23 77 133 125 151 92 55 112 21 114 80 148 119 69 72 115 95 142 151 161 93 67 81 115 79 141 85 169 114 189
48 157 101 138 132 62 146 154 125 115 108 188 113 181 58 67 102 67 83 84 128 56 81 145 67 58 76 142 126 50 74 138 74 154 161 95 69 108 100 130
168 125 129 114 159 73 86 78 84 162 22 116 126 98 81 15 117 121 68 112 140 98 59 75 136 103 141 73 96 120 58 183 56 80 125 171 69 126 38 29
71 166 36 81 71 172 35 78 129 149 81 140 9 122 82 156 78 128 159 112 103 149 130 84 147 65 56 67 89 25 64 170 85 111 152 44 133 65 61 63
123 158 147 98 56 144 133 111 121 75 77 40 160 42 117 64 32 54 95 109 172 146 75 129 107 151 78 25 179 122 101 72 71 120 98 89 67 137 63 126
141 164 68 134 77 157 176 58 143 154 45 98 142 37 114 120 68 112 73 166 66 138 21 119 61 171 73 134 141 92 84 97 19 159 150 79 137 48 151 147
100 125 114 83 97 64 30 156 49 121 82 165 129 97 182 139 103 87 140 91 149 87 139 73 62 149 21 45 133 124 166 151 90 52 141 41 18 136 57 101
89 166 96 72 141 72 106 110 138 148 58 34 38 59 99 56 171 71 138 71 68 73 87 74 121 82 48 115 191 66 28 105 102 30 45 132 69 140 129 81
128 100 71 104 75 191 143 153 132 78 65 88 155 88 67 66 37 102 79 79 81 45 86 151 44 109 59 142 23 121 41 63 170 123 84 108 83 117 89 88
61 71 72 143 19 164 58 115 151 115 118 56 63 105 153 106 73 79 63 136 86 63 132 75 134 108 84 111 76 86 35 69 150 76 87 112 53 191 125 137
151 77 62 66 153 60 42 41 43 134 53 153 62 87 14 57 119 52 38 110 119 150 106 109 167 79 63 57 47 109 80 142 138 98 103 81 109 133 151 121
64 186 162 111 96 103 165 35 19 151 125 58 51 132 51 90 110 50 170 30 77 104 117 97 47 98 99 43 60 40 167 96 150 153 129 135 157 112 52 11
99 121 41 113 71 64 92 21 38 104 64 158 107 85 23 70 105 126 27 49 125 53 57 53 149 148 124 108 131 38 121 104 142 96 173 87 95 103 51 176
89 82 163 141 111 81 121 88 158 90 156 81 132 87 125 27 85 69 96 47 124 123 121 62 116 76 76 46 132 62 85 141 90 60 96 34 136 74 35 60
64 72 96 71 144 139 130 37 125 96 132 136 121 38 43 135 124 170 156 128 115 85 27 27 150 112 113 111 78 81 95 88 93 170 142 99 59 75 44 142
175 124 108 111 110 67 117 156 31 78 145 132 126 117 82 167 150 112 144 100 86 139 146 49 104 145 90 81 69 90 64 124 135 144 57 28 46 63 122 141
107 119 96 131 115 160 130 51 155 76 116 102 55 104 120 127 79 122 67 124 65 90 36 89 34 99 171 98 66 122 60 139 53 160 142 70 24 191 71 63
31 167 154 107 56 127 60 156 86 54 95 137 115 82 133 97 99 176 26 49 91 77 128 82 127 148 80 93 68 87 99 52 49 102 118 124 82 148 67 138
37 79 126 118 85 142 151 52 122 160 139 169 87 43 95 164 161 52 53 118 140 172 57 142 143 142 72 76 123 74 116 69 89 181 70 139 160 150 95 95
166 91 92 170 161 136 42 57 38 74 72 139 63 106 104 92 79 63 13 152 104 171 38 137 94 40 127 111 129 61 62 135 27 105 103 68 39 117 107 115
46 81 69 94 26 77 153 149 146 148 84 125 60 106 63 131 154 113 96 175 113 44 66 160 69 155 61 100 131 141 106 146 135 133 106 34 97 123 78 129
120 83 65 133 62 56 137 146 82 74 126 139 18 21 72 54 141 48 180 63 64 110 133 117 53 81 165 46 45 97 76 93 59 76 53 96 97 105 77 153
123 161 42 117 133 55 69 67 26 142 101 105 170 100 102 115 107 50 112 66 38 135 53 67 68 102 119 173 172 78 75 124 49 69 146 37 90 156 69 156
65 93 72 78 176 122 121 85 107 83 97 82 127 113 151 146 106 135 33 55 137 101 35 67 72 98 64 53 68 55 96 43 119 126 184 83 88 72 167 148
97 106 122 119 115 73 113 80 157 70 111 131 79 107 64 136 134 132 50 108 142 74 73 64 82 122 164 31 139 79 95 124 139 183 123 107 81 84 95 98
77 41 132 53 63 110 124 94 126 71 98 76 123 59 52 145 166 86 139 155 45 150 65 32 110 139 29 63 54 138 121 142 88 119 14 129 63 153 66 129
95 33 129 157 103 126 169 121 17 59 51 126 77 88 14 148 116 114 144 125 35 163 129 129 51 171 65 39 128 161 120 105 131 54 112 93 184 110 68 65
142 165 142 115 100 137 160 98 134 68 86 116 160 107 17 109 139 93 141 123 70 70 54 57 58 46 75 135 54 107 65 65 137 108 82 115 67 56 76 34
93 154 165 123 142 84 90 81 47 66 104 147 145 39 86 128 86 18 109 74 55 13 38 139 96 51 62 92 83 102 86 169 101 65 67 124 98 65 66 44
149 145 113 85 77 60 103 132 119 143 37 159 108 154 155 117 75 129 81 146 46 87 98 99 137 114 105 169 94 35 133 58 61 45 41 41 69 161 64 125
191 130 102 69 124 69 53 89 73 139 114 128 154 109 20 96 32 139 131 104 95 30 134 42 154 98 117 106 132 157 48 62 155 146 70 44 140 132 146 148
148 108 122 130 68 53 131 45 131 54 98 66 132 61 118 113 48 33 30 95 49 77 103 75 41 132 43 77 152 99 82 149 106 143 65 133 113 32 86 172
107 115 69 146 119 139 54 112 140 149 40 126 110 74 69 163 72 140 181 117 141 71 82 155 72 119 129 147 109 138 159 110 87 158 45 148 135 139 68 122
125 137 130 18 145 87 107 100 107 95 122 43 40 98 155 98 47 73 102 49 92 147 131 139 57 145 54 128 157 122 160 48 106 67 108 89 116 92 124 79
125 100 82 89 88 131 83 114 105 68 120 123 65 17 155 59 54 65 70 92 18 128 142 172 108 94 101 92 76 30 41 138 68 34 110 72 111 67 81 134
110 111 159 172 155 129 81 125 70 130 87 104 132 114 98 38 66 104 71 111 68 181 133 164 109 133 127 94 111 163 40 64 128 132 139 112 163 31 119 77
85 87 185 138 81 80 113 137 140 46 136 103 121 78 106 62 117 120 95 136 145 73 47 82 44 71 175 43 85 33 42 67 114 47 148 173 77 57 68 84
