50
99
7 12 565 357
31 30 754 727
35 49 512 901
13 37 733 742
7 26 301 370
18 13 679 117
14 33 938 910
21 46 208 598
15 30 616 657
12 48 654 782
37 20 48 567
33 38 178 562
0 14 420 117
32 21 296 101
17 47 688 604
46 17 960 640
29 32 413 770
0 5 419 237
27 38 205 664
22 28 378 934
10 40 811 856
41 42 157 757
14 11 496 192
33 32 513 159
4 35 591 728
43 9 629 892
23 5 532 154
26 45 149 452
15 21 128 287
26 39 657 235
18 44 998 647
7 35 796 297
10 27 343 530
14 42 102 451
3 33 611 358
7 17 840 413
28 3 904 607
47 22 992 48
22 37 99 160
21 0 180 824
8 14 40 215
8 9 187 429
2 32 136 711
29 16 493 145
25 46 442 308
3 42 544 952
24 39 332 556
8 18 144 926
39 41 618 486
36 48 598 997
9 29 500 746
11 23 696 127
16 4 622 851
10 36 648 975
7 10 917 684
29 41 759 953
10 45 190 284
22 46 433 620
33 47 700 546
6 15 804 769
40 33 167 520
25 34 233 402
34 1 537 749
5 2 690 324
36 6 396 964
18 35 353 302
40 41 283 423
1 36 691 421
2 41 6 537
0 23 434 292
6 48 619 972
15 16 695 618
3 15 166 343
15 25 545 884
19 42 143 181
14 15 756 995
41 25 334 453
20 26 436 104
3 34 179 937
49 19 647 296
44 23 823 934
14 24 906 826
45 43 13 799
3 24 716 38
11 7 39 353
25 43 352 402
44 47 843 307
15 12 69 119
48 8 934 129
18 26 989 777
30 28 690 672
38 18 63 254
15 39 727 100
3 6 564 101
26 30 439 904
0 27 410 684
21 37 94 703
2 31 87 940
42 24 30 333
20
43 14977
15 14662
37 14705
33 14872
16 15039
28 14891
11 14640
40 14798
31 14798
10 15071
29 15093
1 14811
5 15025
4 14981
34 14872
25 14735
18 14729
22 15074
48 9885
13 15068
30
44 1998 8349
23 557 6147
24 251 9069
31 3167 7417
14 3248 4481
3 9284 5098
47 9208 3433
26 3784 5282
41 6114 8539
34 7279 1138
48 7852 3157
32 3852 706
18 2723 3853
2 7801 8481
21 21 2882
1 7372 4694
20 7961 6190
22 5140 860
17 9336 9621
49 1879 6795
30 5558 2949
39 135 6954
12 6326 4770
7 100 91
43 8287 1569
8 7180 6842
29 7634 1125
36 4590 5093
15 8820 5153
42 1805 2548
637
