200
2512
19 74 549 5094
60 160 808 3216
106 145 577 123
49 123 738 2541
115 0 319 5100
38 43 794 5701
35 160 514 7211
112 167 431 1657
162 193 566 1689
43 176 274 943
15 165 932 1668
152 160 234 2813
158 184 72 3500
120 197 460 1133
24 93 35 2471
7 198 831 5565
76 96 408 3653
67 180 170 3615
34 65 886 4124
82 100 127 7852
33 102 797 2503
26 192 853 7435
83 189 833 1746
42 176 120 9809
153 157 916 7680
152 156 36 9546
40 171 515 8136
48 195 188 16
75 187 753 1399
67 39 799 1804
65 130 746 9984
17 105 457 6710
16 85 591 1914
71 182 957 5309
27 110 487 6390
27 45 373 9560
35 83 853 6647
93 121 311 9793
48 113 192 2297
48 97 471 1213
37 145 105 885
55 186 812 6883
104 135 162 2376
22 120 849 103
77 32 739 9427
81 139 66 7517
85 170 224 1007
28 185 578 9985
12 184 753 3822
142 183 131 2099
91 162 917 9
81 48 794 2552
106 177 442 6200
90 103 979 7261
128 168 828 2172
24 64 920 6301
33 17 984 1647
99 149 435 8833
72 134 985 8486
60 144 374 1284
121 152 646 2923
78 89 317 8822
123 153 202 7210
106 149 365 8771
33 183 693 7476
82 173 75 6932
12 164 178 2343
131 161 88 7533
163 174 361 4904
143 163 789 913
135 139 930 5379
180 195 201 357
51 94 648 1872
77 173 90 2727
146 182 198 4591
81 155 500 5252
81 90 479 3366
6 42 651 637
96 146 732 9100
38 177 82 438
195 184 580 8303
54 182 168 1356
112 145 553 982
23 150 535 4970
4 111 379 9237
117 194 982 5146
78 85 109 1955
187 185 509 7718
27 102 696 6644
183 188 207 4290
87 175 474 4093
24 32 592 9555
95 187 56 4646
123 129 482 7070
11 164 658 5332
60 152 124 7292
39 23 690 2144
35 144 127 8459
158 172 927 270
26 33 343 5159
63 98 274 1629
11 103 148 3488
47 130 705 762
118 171 957 9682
37 60 408 9221
33 98 36 5095
69 88 677 1431
13 139 422 6899
23 154 851 1625
113 144 423 9434
4 83 455 3355
144 193 277 6458
116 141 768 7512
48 85 99 9198
11 50 339 6164
64 102 347 7703
53 83 610 2453
65 150 706 9562
23 36 197 4414
19 139 415 116
84 140 7 8681
6 46 9 5904
121 164 357 8475
96 142 169 4605
68 153 897 5192
114 116 264 7152
62 145 453 3805
78 101 991 2300
72 73 962 6135
80 194 203 3613
9 69 667 3542
37 129 401 962
110 158 841 48
97 103 405 5416
89 185 257 7003
12 180 704 7347
57 106 615 4028
43 188 529 7814
30 186 225 744
107 120 334 2820
154 161 942 2207
162 189 45 1862
99 107 716 1942
60 67 268 7064
129 180 945 671
11 168 507 4047
4 164 437 9680
10 110 318 5992
62 149 684 6359
159 63 769 4999
27 179 849 3450
107 193 556 9243
35 99 837 396
54 105 603 5328
40 199 394 740
40 118 340 1206
24 27 572 7721
27 122 432 2314
126 134 588 7068
27 143 400 1199
99 133 93 7612
42 192 437 9338
58 118 499 817
143 187 258 4746
84 115 689 8944
135 147 901 5106
113 148 222 829
137 177 999 8163
10 16 17 5209
67 176 688 7362
58 191 259 2779
106 112 850 1881
56 82 985 1917
104 143 925 215
70 77 488 3767
20 78 101 798
2 102 231 1577
94 191 757 8064
11 18 67 2623
65 175 676 3060
99 145 453 5556
48 80 783 4820
61 68 103 1744
177 190 166 4528
47 195 35 3091
41 199 275 5263
114 197 205 6160
101 171 401 9127
12 66 524 7682
31 48 452 898
59 168 706 862
30 170 275 3966
98 111 552 4312
61 141 75 6272
43 58 203 8733
74 176 152 5294
136 196 804 1885
86 194 257 6874
9 191 281 7822
169 110 715 6835
13 74 833 1699
139 162 189 9419
13 131 555 2049
93 137 903 8227
101 118 433 5808
72 150 908 333
36 50 697 9026
92 61 868 385
76 120 822 2121
57 163 208 7845
20 21 970 6908
39 108 234 8937
83 124 902 7631
108 154 486 8572
180 170 535 8980
92 137 832 5343
124 149 688 8073
100 120 732 8579
92 133 908 1003
156 191 600 8948
122 180 454 4722
38 88 861 9861
89 128 479 164
96 175 418 8802
86 109 852 2919
186 168 169 3427
37 72 681 3554
93 141 961 13
115 166 952 1439
42 135 451 5381
36 99 889 4732
26 94 604 1498
42 107 399 8498
85 158 94 3198
51 82 151 5196
107 189 127 5722
2 13 511 5158
168 134 46 2659
78 117 948 8864
3 191 310 4051
76 92 784 4659
2 55 818 6714
103 174 183 5440
22 136 595 5668
27 159 258 3835
85 113 451 3131
65 187 120 4800
47 126 971 9662
34 138 813 853
129 131 275 5065
147 174 443 6010
79 93 526 5997
125 175 510 534
19 119 221 3389
55 158 155 9333
74 135 403 6236
69 133 920 4738
118 135 581 5254
23 158 968 7849
116 194 8 6103
129 135 508 462
175 167 293 5961
69 145 434 6081
36 91 127 1723
0 64 528 6627
129 16 234 2170
7 129 985 5402
117 62 161 802
126 138 370 6995
158 176 437 6467
114 132 188 8304
86 186 428 3491
11 38 541 630
96 158 280 1382
58 179 919 837
44 145 656 7719
104 196 684 6651
71 195 168 7170
93 100 686 2710
183 192 696 4957
170 174 702 8886
47 162 87 6804
102 142 787 4938
0 60 483 5501
176 186 21 7571
51 171 768 8091
14 72 910 8778
98 176 306 4521
60 71 335 5741
3 102 941 8492
24 52 308 1123
12 127 911 9184
140 186 459 189
18 176 27 8117
72 77 336 4276
154 165 931 9736
43 180 825 2316
48 174 159 5100
26 78 105 2527
86 129 591 4744
161 13 853 2543
27 53 31 2214
48 162 199 6157
142 163 605 1408
45 100 668 3610
44 129 819 1307
21 197 998 2199
73 119 737 9297
64 171 392 485
21 124 212 3812
31 129 437 203
33 155 336 337
113 128 937 1325
72 81 827 9760
46 59 509 558
54 64 741 1125
13 119 295 5210
16 150 518 3338
45 112 984 244
16 24 286 6049
46 132 879 7145
63 155 433 4371
11 46 104 4048
17 89 96 6599
13 70 568 8506
42 196 796 6648
76 149 648 4890
59 136 865 2942
8 100 805 2770
71 158 180 6522
23 174 806 9018
138 189 927 4928
133 154 699 6271
24 109 699 9517
45 120 818 1347
129 139 187 543
111 196 424 1399
118 127 380 5684
161 177 383 945
34 195 659 4598
53 140 619 6158
31 162 204 9700
45 59 122 5054
63 167 667 152
180 191 631 1854
9 142 471 4020
134 19 951 4886
20 25 853 8971
5 14 249 844
15 43 768 6057
32 145 697 5267
130 169 39 9135
36 168 805 7862
36 26 84 7484
194 169 723 4937
103 199 23 5808
6 111 712 6513
3 171 832 7437
15 31 273 3917
131 165 684 2119
137 173 80 9166
146 194 997 5181
1 109 446 3937
8 96 352 8091
53 197 654 1693
113 189 927 9994
59 83 365 1168
93 129 234 1995
125 183 605 7078
116 129 641 6413
11 111 122 4376
34 159 947 2003
69 76 481 9771
2 98 573 25
10 130 940 1288
40 130 718 8453
39 133 462 7162
149 195 174 1722
110 121 835 1050
8 92 491 6428
19 46 206 1233
145 156 355 1181
5 10 519 2438
16 122 526 2006
39 153 336 9330
121 58 567 1545
166 171 614 5053
80 86 409 3324
41 97 410 8657
35 197 954 7835
75 108 464 7545
36 115 613 2268
25 147 65 9421
131 153 575 9418
29 30 749 305
53 79 129 6570
115 158 859 4299
108 162 740 7256
166 113 328 3180
94 175 882 7592
28 193 139 257
13 21 686 3257
85 93 651 3710
87 133 183 7736
43 123 21 8298
13 78 487 5972
70 187 65 5235
66 107 953 6707
101 102 758 2379
30 166 528 9368
11 34 449 5500
92 141 698 1866
43 172 500 5432
2 29 342 4932
134 135 314 5659
140 162 543 6735
172 196 38 7247
71 73 857 9164
63 171 925 7409
178 194 935 1127
45 169 669 1824
140 190 300 9219
104 180 223 445
19 70 964 4616
16 40 526 2344
155 173 912 1167
8 165 529 6628
9 12 743 8886
161 173 222 1645
3 126 986 1753
40 77 522 8896
95 130 236 4557
21 181 844 7013
181 199 56 5056
170 178 902 6046
61 198 360 198
134 192 340 5044
38 100 175 5889
170 186 598 5159
84 91 52 764
104 123 627 2686
101 134 809 4139
2 90 772 4613
155 181 150 5421
41 69 10 7518
27 167 253 8594
71 146 80 2906
64 51 636 9697
42 119 251 6268
84 156 998 7409
139 199 482 8480
74 192 673 575
3 179 501 181
19 151 712 3073
77 79 347 8990
55 166 386 4449
1 11 302 7895
46 124 399 854
30 52 650 879
50 188 56 8271
44 157 510 4282
33 73 31 6495
6 58 931 31
119 163 706 4805
40 73 854 3676
91 156 95 7879
26 147 104 5091
79 174 846 50
97 115 850 1154
113 185 766 3146
75 157 111 7178
43 54 323 8203
70 89 514 6513
131 177 857 5369
7 23 409 3396
80 184 301 4767
42 115 354 3669
16 181 766 3753
80 188 408 7952
0 7 288 9409
54 174 101 9396
11 54 241 8011
164 166 115 2509
7 60 523 623
150 191 291 9000
19 180 515 2472
93 194 705 3981
101 175 345 4322
32 64 409 6074
69 165 157 2626
99 169 790 4203
103 146 519 2401
58 114 558 5142
18 123 417 8861
13 82 833 4423
78 138 566 5913
24 56 31 1884
49 119 724 9560
89 193 431 2820
31 198 495 2565
61 162 925 6064
91 103 350 3262
56 151 946 1199
13 123 766 7693
2 86 318 9015
21 71 502 9271
70 126 211 9579
22 177 946 1349
96 199 102 7323
118 155 152 8288
135 180 552 5678
103 162 165 721
155 177 882 6537
40 114 354 5851
17 170 189 6191
105 167 530 8800
88 122 943 1166
12 135 538 7466
42 160 439 9323
44 88 404 9799
155 197 184 2393
110 113 401 4095
141 194 355 1516
112 183 483 3997
47 89 958 3346
48 170 676 3786
32 137 186 4921
29 136 404 4311
67 119 390 6835
107 177 141 3476
91 168 821 2680
46 116 609 6624
61 84 695 6073
128 176 838 1451
29 156 22 2848
81 143 531 3535
6 54 450 7826
4 168 626 3828
89 116 263 9743
18 111 178 7828
49 139 877 6732
21 75 933 2178
55 101 381 4230
6 152 157 729
12 54 314 3066
48 101 771 9559
80 192 504 8518
107 185 816 8135
32 141 299 1482
62 165 409 4040
177 45 67 5477
17 162 426 6801
95 134 393 5305
10 57 118 5518
112 151 851 4245
15 84 277 1232
5 83 248 8791
108 174 943 568
40 183 293 5205
113 197 695 8791
8 47 625 1797
32 133 83 5925
75 173 764 6406
4 156 716 9966
84 103 427 7797
44 161 492 3179
115 182 770 3809
116 121 731 6012
36 172 132 5095
116 182 958 2913
55 154 227 5707
146 186 528 3767
62 190 764 1755
135 184 915 2628
3 57 902 655
58 134 875 299
141 170 392 2947
32 35 915 822
8 27 801 5321
50 151 548 3083
3 134 239 5512
148 157 435 8962
66 156 112 6522
133 158 492 7044
45 63 161 3260
109 166 66 6770
31 137 296 932
58 183 437 6570
35 42 158 7171
76 104 311 882
26 151 411 186
13 151 178 4834
56 78 412 3758
73 107 129 8689
36 54 89 2336
62 76 439 298
109 186 65 2703
60 140 495 4954
56 167 33 2991
114 148 90 2495
115 186 830 5992
22 169 390 3746
44 76 153 667
97 168 739 9627
176 192 290 977
97 160 257 2600
46 181 90 2319
30 113 383 7350
67 164 986 8866
14 104 881 5006
31 178 36 4274
158 183 197 9202
88 130 763 3966
37 165 478 5426
181 195 995 4235
18 172 825 4608
71 81 592 7784
32 142 213 3853
29 95 667 6552
19 66 249 1885
70 114 273 3895
54 20 399 7543
13 37 756 8515
144 148 76 4333
86 182 718 1799
26 135 368 6321
184 149 49 6043
81 196 855 4111
128 193 706 1396
52 181 434 5654
18 127 308 3833
26 196 237 2691
67 123 15 6779
10 151 870 9655
41 73 43 1602
1 141 860 2847
4 18 118 3467
114 136 81 6232
85 101 270 4115
95 118 18 605
90 148 690 5441
9 85 801 3175
132 187 625 8159
69 96 194 2752
6 50 803 1380
122 172 983 7947
15 100 297 5854
40 110 550 2287
100 108 290 9136
114 193 979 3333
82 181 124 9529
72 76 720 8250
64 163 727 1567
23 81 671 4878
31 194 218 2996
61 182 453 2654
34 122 194 8919
8 177 497 5081
95 183 67 4751
68 96 574 6069
20 159 347 2402
16 69 238 4868
1 129 162 4260
6 168 343 7795
40 191 131 8006
110 28 868 7823
28 124 801 2465
11 91 779 9533
48 158 454 9961
15 177 581 7295
28 67 727 9131
30 101 294 6418
31 190 754 5900
123 141 393 6814
112 147 323 5840
63 126 338 302
98 180 96 2952
177 182 319 9546
47 77 985 700
129 155 378 4677
79 10 947 2520
38 108 923 7735
17 36 564 2743
188 138 125 5689
55 129 871 4957
65 69 17 2789
120 132 200 5539
8 88 743 7672
94 171 395 9013
2 45 104 2945
68 190 963 2379
84 197 811 7766
85 182 379 1482
45 116 399 5350
71 97 106 2882
14 51 842 3516
42 188 477 4389
145 148 695 7469
73 180 880 6402
127 168 696 1139
4 75 867 8427
149 183 338 2137
36 111 788 6755
35 103 149 2404
43 66 221 7149
78 158 680 647
104 176 556 4525
37 157 77 3086
196 87 24 6924
34 199 328 3047
24 48 726 7046
146 198 23 8507
67 196 407 4985
57 94 959 2989
73 135 843 7985
92 149 158 6060
32 190 926 6263
45 104 214 258
9 16 102 3801
41 146 533 4702
16 199 497 2577
74 72 935 3622
63 115 245 3676
6 164 274 2617
32 194 580 8950
23 85 954 4176
28 87 849 3663
38 92 425 7440
7 88 746 4068
108 150 322 4490
22 63 564 6165
33 118 506 4369
87 90 477 9742
33 191 483 7987
159 192 181 724
23 97 830 7627
115 174 295 416
80 107 533 8299
98 184 887 3497
49 70 243 4637
91 115 159 8258
107 132 459 7138
17 48 51 594
11 99 914 7059
25 131 290 1638
89 148 242 6893
21 59 97 3029
0 174 148 2808
62 133 886 5803
40 75 934 447
6 38 530 9032
12 62 542 1941
12 160 377 2950
6 184 599 8342
26 155 654 2648
7 76 660 8255
5 87 359 4556
49 74 992 8517
24 166 407 8230
115 129 882 4194
144 189 685 8724
18 50 889 8936
57 147 775 4422
38 96 907 1792
119 122 776 9033
9 59 859 7231
4 30 794 7045
17 24 465 3014
18 119 197 1466
33 126 390 8656
90 160 493 171
31 121 235 9319
111 143 587 1928
75 112 748 3388
15 157 210 3455
107 136 390 8619
23 44 309 7600
156 183 355 877
39 161 568 314
50 135 17 5474
130 157 803 4599
77 193 745 967
54 93 97 3026
119 179 934 9891
151 152 201 5902
92 96 484 6970
47 172 442 4899
21 63 534 2635
193 197 688 6573
24 125 646 7379
85 105 280 3896
1 48 520 8856
94 102 694 1427
58 122 165 9741
73 176 40 3197
5 160 266 5176
24 178 483 1889
111 151 27 4619
66 95 15 1185
70 146 875 5132
109 182 329 2852
71 126 504 3096
24 186 14 4554
119 183 33 4182
80 180 34 2040
42 184 54 896
7 149 140 5428
15 51 815 4109
136 143 72 2880
169 193 194 4726
109 150 672 3561
5 95 622 1263
74 82 2 5907
14 76 858 89
28 144 549 3934
105 64 923 5542
46 120 331 8146
34 191 150 3766
2 155 519 8382
72 142 594 2043
33 171 763 1391
70 110 942 9792
15 112 504 4333
37 80 933 8554
104 127 440 4720
178 198 544 2140
36 156 140 488
68 178 510 2148
83 132 302 1136
98 115 167 6625
59 197 982 9247
47 158 955 3886
27 175 74 4967
87 159 595 1410
77 181 297 5865
135 143 773 3577
121 168 802 2816
69 153 433 7131
49 196 376 2978
3 98 776 1862
24 170 226 7388
0 133 352 569
14 92 315 8197
22 55 101 7332
56 74 474 2780
36 164 412 821
20 90 59 3625
125 171 106 5398
137 181 344 2204
41 195 100 3766
138 152 471 4866
20 188 10 8149
85 97 311 393
13 143 199 917
8 104 82 6183
86 121 365 3834
114 140 750 1214
79 117 62 8763
50 106 353 7008
39 80 971 6885
49 192 884 711
67 184 33 3442
135 192 68 5853
1 80 220 3355
167 171 174 3441
145 164 181 1155
18 171 352 457
108 166 237 2692
40 61 266 7720
51 192 830 5300
59 140 650 2304
10 146 990 5820
26 131 292 8406
40 146 238 1614
6 95 375 5699
53 55 733 2229
4 140 216 2956
124 165 778 5211
170 21 933 8605
123 119 66 2822
142 179 993 2231
126 175 91 3257
155 161 599 8268
64 65 920 678
16 28 523 2251
40 65 336 5800
71 199 496 2726
124 157 631 2225
0 3 677 9169
58 159 716 3179
138 185 981 3032
137 185 823 837
10 191 59 1692
12 107 406 3483
9 24 342 5199
97 197 479 9909
179 195 289 4787
45 165 726 1484
33 167 680 4308
90 99 664 6454
7 80 425 3151
75 120 133 6267
86 137 445 8021
43 111 555 466
128 184 354 468
5 103 537 8701
100 118 989 5082
117 157 651 7585
105 151 475 5405
23 166 353 15
139 142 779 149
97 99 469 8574
106 108 231 7737
162 18 645 2437
8 157 482 7258
16 97 595 3326
22 181 646 8286
30 114 869 2133
161 169 977 8496
127 140 68 5299
110 170 780 5322
37 88 133 1352
44 186 951 9504
125 191 409 2305
46 75 788 4282
1 125 584 6069
120 140 261 9526
50 167 643 2958
88 159 910 4350
24 198 288 1664
15 173 400 5242
24 121 539 2960
27 90 996 6950
94 106 307 6514
15 98 916 7135
28 51 785 7068
33 45 397 5250
33 130 390 659
70 134 868 372
4 87 186 3496
7 92 519 507
7 156 72 394
85 166 493 6743
38 149 317 9115
88 134 491 2547
70 111 586 4396
90 73 1 3950
9 81 332 9498
76 22 548 3722
98 127 235 5909
44 149 563 8762
112 179 16 8593
65 146 33 1729
34 69 378 1051
90 197 996 1763
90 156 519 5684
127 156 748 7152
38 104 571 4753
114 120 353 678
126 183 836 8148
61 64 603 1942
132 146 626 3863
50 15 430 7217
1 117 261 1997
19 188 429 2647
27 49 334 6228
1 7 178 6417
93 125 197 8071
118 167 330 4272
67 70 363 1183
64 179 43 5928
68 141 20 4047
42 62 624 486
19 78 771 466
139 178 391 8669
156 179 440 4876
53 67 420 9364
74 196 154 3080
75 100 925 6553
36 42 581 9107
103 178 68 7787
150 187 114 8737
76 124 832 6646
146 178 649 2351
122 91 681 9373
97 140 741 5882
132 199 169 3497
63 110 459 3502
55 170 853 6676
28 181 298 5324
126 199 626 9344
70 171 580 9358
25 74 187 7481
168 181 133 1525
61 80 331 7629
15 108 405 6753
20 101 789 2309
31 139 749 6096
185 198 292 4784
51 155 177 3672
41 44 427 9353
58 130 240 9857
54 162 251 4840
76 177 793 8254
47 81 688 5045
1 84 890 4975
96 154 512 9769
7 15 646 2292
44 51 139 46
82 132 594 8474
2 118 584 4814
95 177 303 8629
105 155 111 7350
22 93 86 8987
70 130 121 4148
34 57 899 1812
106 161 704 4361
75 169 197 570
111 155 86 2674
67 107 724 519
79 109 337 9850
79 166 32 6162
179 183 210 1463
44 47 502 3203
51 104 963 1660
183 190 399 1063
107 181 407 6827
23 28 887 1295
19 135 81 5185
66 91 655 5864
35 12 350 8736
20 106 602 4997
56 135 440 7894
52 59 317 2502
63 73 446 2721
49 62 436 9811
12 46 595 1017
82 169 834 1802
10 53 518 7855
19 58 781 3423
74 155 755 2513
6 34 663 3661
17 154 531 8703
120 160 221 8421
65 114 114 2669
89 144 985 1387
171 190 770 5900
30 48 542 246
61 109 795 5547
111 124 925 9393
109 146 329 2348
41 138 964 839
159 184 12 777
49 135 732 8429
42 103 568 2804
66 115 732 3728
12 139 187 1970
131 181 779 1335
65 77 322 3893
135 126 206 6657
20 94 721 4454
59 152 192 8836
116 125 878 9412
55 173 555 9984
168 185 817 223
8 41 898 6639
74 131 256 9983
29 108 319 2106
58 171 27 2833
176 188 405 3470
12 176 61 4733
174 179 637 5653
155 185 973 7312
37 186 34 7119
44 96 250 3110
5 140 123 6686
3 94 331 1950
144 71 698 9665
40 142 936 5583
102 146 815 4349
96 162 647 3534
12 103 465 9968
92 194 34 8044
29 99 389 4872
171 186 620 7497
5 42 123 9791
100 104 789 8457
140 158 170 6557
125 146 323 2734
133 170 243 5188
68 194 989 9244
17 109 227 6247
65 134 519 550
145 152 901 417
75 116 190 6294
9 65 795 9004
59 193 878 473
100 173 609 5397
82 128 252 6562
25 29 609 806
50 86 285 1999
74 139 403 2542
73 188 435 2856
88 183 107 1749
25 102 563 4297
120 148 700 7380
30 56 647 1007
37 76 176 3758
134 196 551 6053
129 192 482 5063
123 194 946 7974
4 6 279 6816
66 168 656 3152
20 86 324 6475
82 177 373 731
198 150 619 2186
69 149 687 8961
18 115 574 7412
83 140 801 356
30 44 159 6984
9 130 112 5867
47 85 433 6832
4 22 554 464
52 185 938 4720
84 3 732 2653
77 136 157 6774
153 182 209 193
7 165 586 8373
24 40 947 4727
38 141 772 4439
171 194 294 8388
52 193 132 4173
124 169 733 4505
37 194 151 2521
48 166 183 5948
44 72 16 3693
12 119 628 6174
131 144 852 1193
189 112 11 6139
7 133 242 9081
79 129 723 7721
154 157 999 2960
82 193 852 7246
27 37 934 6974
103 154 22 9835
13 147 720 132
100 124 570 8702
4 136 42 8015
1 162 221 3128
126 195 137 6332
25 106 229 3529
68 80 739 6226
61 178 735 281
39 51 793 7281
19 62 798 8213
2 147 625 5728
58 4 638 1450
34 183 590 9598
73 164 121 4350
121 160 511 4951
165 196 884 9056
62 137 623 5339
142 164 737 5084
43 119 603 825
101 195 295 8295
24 113 7 5740
85 117 762 8570
28 136 686 1857
28 88 658 8332
45 51 498 4950
90 140 795 5664
168 169 767 9620
40 187 415 6991
177 186 478 9946
62 153 159 8775
38 84 415 5746
4 91 78 4047
5 67 64 3588
92 117 481 4912
36 58 233 4542
31 117 34 8166
10 199 341 9524
143 89 670 3943
10 69 963 3574
25 139 620 3356
51 98 611 2329
67 111 42 8824
35 79 610 9273
40 126 303 9905
1 155 781 8565
95 191 168 5221
159 180 65 7462
114 173 874 4064
153 178 22 1741
50 78 573 3272
88 118 556 4216
13 94 632 6709
127 172 941 4171
118 151 546 6017
14 31 594 8819
63 102 401 9386
47 69 236 9027
117 133 326 3762
27 147 462 8865
22 75 389 9349
68 125 633 3887
48 117 253 5345
49 166 124 5026
133 162 714 4344
1 56 118 8714
147 179 656 1446
63 118 238 4121
107 173 556 5344
124 153 820 7033
72 89 643 3608
25 159 349 9199
102 130 264 9541
4 99 5 3476
23 24 87 5840
61 117 159 1919
18 38 342 5626
57 110 915 6516
61 186 993 2605
16 195 133 7556
165 50 464 1698
64 191 315 2554
52 63 742 408
79 178 755 482
92 190 579 7233
123 137 148 3719
105 135 144 8192
131 173 753 7073
22 189 552 859
101 179 719 6631
73 111 730 8028
165 188 405 1140
104 155 633 7824
110 190 139 1040
100 181 678 4638
96 105 9 5085
13 17 537 4060
11 107 327 665
41 70 277 5852
18 180 473 638
59 156 269 8966
102 150 9 8539
95 146 872 8864
106 169 111 5148
47 134 239 7591
77 124 381 4463
2 159 484 6037
45 47 840 2623
36 184 236 8512
52 173 353 8363
43 115 224 4428
31 80 24 4296
46 191 386 6775
12 58 644 662
78 170 444 8082
78 154 170 7016
62 64 457 6990
133 199 11 4950
4 152 259 9635
0 129 219 202
37 92 702 2597
153 198 728 1554
18 34 744 9519
19 192 259 1878
17 40 61 9797
58 65 394 7785
70 73 219 3905
133 174 895 8627
80 111 615 512
56 131 148 6949
53 91 792 893
13 58 608 5965
24 36 620 8274
64 122 762 3825
65 126 868 8630
102 191 831 9118
55 182 957 9306
46 67 919 4130
10 12 151 9615
88 114 339 6212
134 143 767 632
8 84 130 4665
66 103 23 5823
62 72 380 121
34 134 296 9732
134 139 1000 898
130 96 518 9352
60 99 595 5997
108 125 304 17
60 156 592 3249
64 106 328 2061
53 136 460 3626
40 53 874 3897
141 161 989 4908
81 135 502 9221
34 81 473 1715
56 196 525 3757
138 164 814 8615
25 86 566 3297
10 187 355 5560
76 112 733 7712
52 120 672 9071
71 101 645 6763
50 90 655 3860
16 191 427 9272
54 113 333 9611
23 138 792 1163
65 191 493 8579
123 198 199 5178
168 177 141 3139
87 106 653 8930
46 185 79 2860
57 143 139 129
127 197 982 7045
127 66 571 5939
23 56 878 1985
20 131 79 160
30 125 973 281
75 104 366 7498
33 110 327 2989
42 172 759 7095
23 77 902 8578
5 136 371 3848
26 90 719 9170
83 197 964 696
27 33 977 7858
150 195 26 5826
30 154 919 5495
79 170 331 5871
55 56 956 4844
42 123 926 9383
34 110 787 1883
23 40 118 8911
19 9 754 9689
70 183 364 9142
88 187 574 8767
18 164 140 7640
68 72 584 6013
169 177 46 175
2 171 919 2020
12 123 320 5369
56 155 431 7905
18 46 622 7870
15 104 486 6528
53 75 137 1415
144 185 830 1366
42 50 528 7060
65 199 356 3767
57 167 172 9851
51 196 14 6172
89 176 999 5737
63 130 780 4621
130 193 970 9798
112 159 379 2787
5 156 120 8295
72 85 420 38
125 195 750 3631
86 166 231 8445
14 84 510 230
77 116 802 6927
54 68 183 4244
31 186 304 9745
58 61 397 2195
5 144 795 1905
49 176 787 8653
125 134 429 4135
38 47 684 6496
18 160 706 215
73 115 715 5853
87 151 440 374
70 142 634 2685
5 30 644 853
146 166 1000 4545
69 108 11 9099
149 86 100 9700
133 142 126 8722
30 105 517 6418
25 90 459 7387
75 177 757 3742
131 169 969 4633
190 196 726 6005
51 135 437 7973
79 186 612 9416
157 191 674 2119
58 77 391 5319
29 34 434 4699
46 71 290 4859
88 102 410 6414
56 86 42 7559
152 176 240 5027
66 79 316 4566
64 159 732 9538
35 95 822 695
31 141 386 3269
151 35 733 9764
53 87 136 7285
156 187 374 2945
86 113 968 53
52 55 610 2173
150 175 886 60
104 139 614 4717
1 137 925 7956
59 115 403 6927
81 151 646 6940
29 160 980 9572
27 94 784 4633
52 116 883 3408
132 191 103 1389
3 183 877 696
72 199 243 3322
14 15 844 5975
110 186 701 6011
173 187 428 6058
11 184 724 9683
82 189 743 3367
27 41 874 1078
21 55 241 9651
35 152 445 262
0 137 291 2716
91 119 79 3318
95 171 261 1706
95 175 296 9333
100 177 476 8544
14 145 821 6366
136 159 299 33
66 172 588 6796
10 73 116 6382
104 119 77 5335
84 95 256 2762
83 47 46 7210
163 199 535 9601
81 192 874 162
15 63 705 9813
60 148 607 4461
54 121 143 9526
122 144 122 8245
1 178 116 2200
23 170 802 2723
43 127 42 8608
57 122 689 8253
64 114 499 843
22 185 341 3237
45 173 490 7473
110 117 635 661
77 132 831 8249
118 163 862 7444
166 196 911 8956
14 35 213 6034
28 79 848 3679
41 142 60 2126
132 134 353 4345
121 176 845 2529
187 191 133 7405
192 56 322 982
179 136 753 7344
115 170 315 4741
80 143 477 8355
83 185 714 1503
44 84 920 2075
97 119 844 8956
10 65 92 571
181 183 16 2179
76 165 719 3154
48 138 322 4029
85 109 73 6172
35 140 788 7806
115 154 268 4104
91 188 546 3959
129 159 429 7572
3 61 46 3094
144 173 401 8253
90 91 753 5179
29 115 703 5655
89 112 877 9236
84 87 187 5428
117 149 620 8404
71 154 701 6363
59 172 193 3115
19 131 295 7503
74 143 48 8375
77 177 300 8450
98 119 603 1588
32 96 590 1571
55 105 68 5245
93 145 727 3502
52 177 40 4940
110 154 887 2709
63 175 744 9296
88 179 108 3676
51 143 902 6752
64 110 28 402
46 148 389 7426
47 146 72 8106
193 40 356 544
174 187 958 139
11 22 949 1624
91 131 628 7768
10 171 419 7976
95 114 567 1277
57 175 1 9024
3 53 537 466
9 195 984 8092
29 83 897 5638
51 147 190 658
20 163 503 2603
5 197 170 8822
121 188 62 7430
109 113 39 2852
95 199 941 3324
122 156 703 6604
148 186 867 8832
16 138 111 1568
57 179 655 3418
65 93 697 453
101 187 112 3216
33 61 857 6484
11 95 268 7434
27 151 889 9662
50 143 886 520
127 160 601 8472
108 142 145 2009
7 186 643 8701
79 113 39 453
104 192 616 3187
32 153 828 2516
14 19 804 3321
108 158 923 4730
97 152 853 8286
78 93 619 3679
3 167 809 6633
98 188 936 8974
72 187 544 8622
140 100 834 6655
33 53 70 9125
29 152 430 7531
53 132 749 7939
168 193 681 2504
133 198 933 5418
77 189 909 4041
142 151 171 8938
85 174 317 226
149 163 982 7263
44 165 773 9349
8 31 135 3076
113 132 616 668
0 194 964 6894
120 144 170 2142
123 125 294 8286
113 160 649 6699
138 193 36 4258
83 148 599 4111
31 84 52 2891
34 126 697 5547
41 89 994 7743
70 191 658 9600
54 198 858 7422
18 62 907 2695
139 150 558 8486
87 143 384 4347
101 122 848 6690
111 139 1 6639
165 192 56 2005
174 175 638 8258
29 38 266 3138
35 87 529 1129
181 187 359 9377
105 147 484 3809
26 62 720 7337
52 136 890 2548
128 131 872 5390
66 184 365 934
157 166 538 7089
64 118 955 8654
74 123 999 113
82 157 31 5010
88 171 804 9665
106 124 962 4270
149 167 807 3658
18 103 209 5466
192 193 738 6406
55 174 972 5240
11 81 255 48
80 135 330 1213
30 97 862 3531
22 59 249 748
150 148 866 8586
70 199 44 837
71 138 279 4475
35 67 544 3802
174 25 288 7867
97 24 30 6962
90 144 853 1556
24 105 531 3751
139 154 561 2346
48 154 966 9838
59 37 68 5830
14 161 821 1442
28 75 912 1949
0 178 881 196
23 109 549 4692
14 96 275 7640
8 149 973 5341
31 182 903 4421
7 137 161 977
25 143 685 8440
52 169 815 7263
123 145 432 7337
77 197 783 8928
49 131 239 3812
55 60 497 4247
77 185 150 5247
152 172 179 8805
41 85 61 8670
29 91 277 3412
30 150 549 8363
178 186 576 6536
36 95 753 5785
157 187 202 7875
73 172 653 84
2 37 893 564
64 195 665 8849
6 172 738 8078
78 162 85 4438
87 102 727 3832
180 187 683 5782
34 130 275 6099
31 105 114 5772
91 172 194 1223
82 185 309 6284
137 189 936 9643
101 126 17 2435
22 132 265 1459
38 157 830 8890
21 112 654 4010
5 79 101 4328
110 178 629 2755
35 124 144 2948
139 146 39 6937
33 187 631 2736
162 185 778 7399
60 197 613 9645
3 41 268 5765
120 176 843 8199
43 50 537 5677
56 188 94 6061
48 89 579 2508
78 105 779 831
15 27 764 1476
136 155 488 3837
87 163 656 3492
73 168 934 26
135 188 425 3006
57 49 330 6484
93 157 439 6406
102 187 734 2470
35 136 938 1871
29 172 522 1765
75 165 263 1538
79 97 342 3185
79 121 265 9403
94 110 346 9764
57 98 434 5863
74 127 402 3558
6 115 631 1599
52 128 64 8081
97 156 902 9846
152 11 523 5280
49 188 341 5770
31 64 200 1831
32 80 169 2095
29 87 600 4328
143 151 873 4533
4 79 465 2926
148 182 832 2343
59 91 520 9699
76 181 509 3133
117 141 105 5647
31 56 874 2174
140 170 722 4298
5 109 152 7651
37 133 930 8844
20 29 31 1349
120 152 193 115
110 133 623 4015
53 185 775 3298
8 145 798 2634
131 185 425 2580
4 34 286 4425
83 91 453 5641
82 120 500 5841
3 45 237 5587
64 167 945 8758
33 57 562 7476
68 198 132 1521
95 195 148 9303
22 112 493 8803
159 196 284 3752
31 68 568 6489
91 111 415 3168
25 151 448 3214
63 114 3 2011
182 178 133 5780
24 174 861 478
53 71 159 6760
44 108 438 9002
93 182 624 2461
103 158 155 8114
116 140 632 9366
27 29 716 7087
27 163 924 9490
143 155 899 3542
105 110 696 7360
25 70 237 3347
69 80 843 8823
121 172 97 249
101 138 28 1524
160 46 291 6176
59 87 688 1316
2 33 216 4440
60 91 110 2203
26 188 377 1620
127 164 575 1482
52 157 467 7108
21 120 368 4950
20 147 964 2742
24 162 716 378
78 142 991 7958
73 127 788 5331
84 152 868 8414
16 154 862 5871
87 94 929 895
7 194 55 654
14 153 190 2767
49 66 905 2807
83 87 126 6873
60 83 397 6894
12 44 974 8185
103 68 168 2765
66 164 293 2368
144 197 621 4089
50 163 969 1268
53 29 207 5243
8 43 407 2215
89 197 419 605
82 112 880 9546
128 180 880 5116
17 93 498 8813
99 153 831 8450
11 148 543 3909
44 31 84 2365
0 19 775 5039
3 4 906 1184
79 182 587 1790
80 196 361 8322
3 49 15 306
17 52 295 4262
68 133 181 5813
147 186 714 4558
192 197 792 9347
46 169 272 5942
80 131 985 1886
92 153 583 9529
67 127 37 5372
91 160 552 6046
103 105 761 6068
18 66 467 7887
131 149 552 6085
26 74 817 5864
9 187 605 5839
34 142 337 4535
132 142 303 9370
39 96 117 196
10 77 485 8671
151 189 687 3200
17 182 254 9151
134 155 105 1869
18 184 743 5061
107 116 400 1383
25 78 874 8434
29 79 674 6827
46 189 288 9893
98 137 391 6012
30 40 752 8356
5 148 619 3809
61 121 700 4193
171 182 826 9088
74 78 269 6645
55 117 723 9083
160 194 52 9094
1 121 725 2976
70 118 444 8716
25 163 421 2220
158 188 685 9439
7 72 860 6089
149 179 883 3266
0 186 590 1940
141 182 179 6205
9 53 9 5366
94 163 865 1722
30 109 324 9890
143 159 252 755
62 80 457 6250
21 108 224 2590
141 186 253 8391
7 190 630 2674
85 129 307 4822
73 95 491 519
19 196 805 3540
2 175 666 736
21 189 598 7596
89 136 88 5886
157 95 147 4843
16 158 827 2029
63 183 536 6565
25 155 700 225
4 38 376 9837
26 139 9 8559
26 167 994 3778
30 182 277 2656
17 158 843 4634
98 168 122 1241
32 60 65 1241
132 162 324 7289
52 75 853 9213
15 193 346 4200
72 130 541 2734
29 42 311 9295
5 124 923 644
68 84 10 7278
14 74 828 4486
136 171 101 1461
8 108 43 5344
78 97 727 5938
114 189 661 5002
141 145 784 806
0 76 754 2884
55 109 949 8142
94 179 439 7005
34 53 179 9310
25 127 563 6802
9 134 905 9775
142 147 453 1561
48 142 421 9813
130 181 804 6745
17 78 161 7727
116 198 790 816
69 104 421 3480
97 164 306 8037
0 125 877 8461
125 38 106 3633
183 184 29 6236
62 141 583 1890
16 65 40 7623
181 191 931 2184
25 82 124 4024
86 198 914 7117
140 154 789 7638
35 156 205 9580
46 112 297 5265
51 139 53 3151
95 126 343 3215
8 15 855 9125
104 131 141 6182
16 134 202 1667
119 175 829 4100
78 195 181 9978
167 183 103 1806
6 103 735 3197
14 108 671 6246
38 161 514 2303
61 194 323 9199
23 113 428 8607
87 147 667 159
93 198 809 3123
100 165 730 7027
94 118 483 1800
76 161 412 7111
139 121 646 3644
112 163 937 5906
82 116 325 4045
81 98 792 2510
161 165 214 5035
85 186 823 3838
112 171 293 5421
91 95 503 6113
9 199 869 7882
110 162 948 5002
4 95 891 5999
60 176 431 2222
1 64 425 8515
16 93 536 3220
73 184 821 3033
138 84 8 8915
110 174 238 628
9 106 789 2918
107 160 736 3383
132 150 278 4004
68 121 919 3911
4 193 263 9763
1 68 24 9429
190 192 506 180
197 7 81 2019
80 82 214 1535
117 121 424 2871
19 176 377 6426
106 102 85 903
1 186 637 4072
47 183 70 423
1 52 501 835
39 112 160 2419
34 73 273 6525
155 165 860 5199
56 139 463 8218
78 150 944 2066
46 55 175 1264
62 84 889 8129
11 156 911 4350
9 73 922 5752
85 196 908 6036
83 160 269 6678
65 138 525 5059
89 91 583 593
23 101 205 6880
8 120 814 4969
48 93 414 5622
32 84 751 9324
149 175 752 3356
95 150 201 2975
39 92 466 9233
68 76 499 9755
43 168 455 6705
17 150 701 3866
84 160 446 4627
66 152 285 3641
14 27 736 6947
126 179 410 7575
45 157 701 7319
3 187 930 4577
56 147 526 4536
138 140 37 8480
100 112 235 1256
148 198 810 7840
78 113 204 6869
1 105 486 3294
53 160 616 7479
87 167 69 3347
26 143 986 5336
128 172 685 8831
128 188 84 774
0 80 228 9978
127 176 858 4314
38 145 969 2927
15 59 313 8803
39 76 690 5303
7 19 747 6429
47 187 798 5100
18 91 455 5928
76 169 753 392
49 180 895 6579
81 147 108 7025
123 157 94 2981
84 144 689 6159
89 189 588 2619
80 139 787 8512
69 169 856 933
118 147 316 4843
99 104 698 2544
125 130 400 4842
33 175 913 8234
69 161 926 9755
172 92 694 1368
21 132 47 122
53 128 137 9431
125 126 40 164
6 99 854 9609
80 164 61 7235
114 143 16 5079
114 128 301 4569
56 90 391 5692
5 22 78 1387
67 192 64 3147
15 161 804 8378
113 124 843 955
113 136 102 3475
2 106 979 2874
76 88 644 2562
98 172 752 2415
156 175 811 3806
14 23 617 2442
199 197 21 1217
42 139 748 9340
139 158 856 4372
12 196 762 1723
20 74 219 626
46 128 318 3942
81 86 971 8926
17 32 228 4425
100 169 538 2747
109 170 987 8134
20 135 468 928
87 179 221 4621
59 99 651 9609
105 163 688 5014
24 68 486 3618
22 193 335 714
132 36 934 9990
50 147 368 3347
45 108 552 257
73 123 53 5092
54 109 243 3485
9 28 421 5589
115 117 252 7109
126 187 843 7852
39 149 180 5383
7 35 443 6399
130 161 780 7963
22 100 475 40
13 90 592 7164
137 193 258 1362
102 199 290 9594
26 86 694 9181
101 180 756 9705
39 88 310 2753
66 111 632 5270
94 114 634 6837
69 188 726 553
154 85 948 6005
66 99 761 5167
40 69 769 9585
28 71 69 2865
35 148 224 7091
49 58 636 4797
61 125 488 3182
80 119 719 7757
38 120 431 6611
25 184 302 9717
53 148 777 4563
26 37 59 3318
48 150 710 9652
2 49 879 2302
31 60 614 9793
171 106 417 8318
140 174 210 7148
12 82 400 3856
19 82 106 894
174 183 682 9266
28 83 497 790
22 173 755 3592
67 139 166 371
41 154 202 9508
1 3 82 2288
111 192 358 7003
117 145 846 4748
158 168 102 2788
138 144 711 1489
103 117 877 9764
9 183 279 8513
34 89 250 7265
40 89 546 9847
32 92 266 7564
72 93 692 1227
50 74 88 2134
59 148 540 8537
41 158 26 6833
64 175 161 5556
39 169 362 6840
6 156 105 9271
39 145 982 7489
62 92 896 8566
20 33 395 239
2 41 626 3047
162 181 53 3351
93 153 153 8557
143 167 405 1540
28 197 254 774
145 195 237 7924
124 137 340 4515
10 142 248 2934
61 190 603 4555
9 126 693 2847
42 58 124 7541
55 97 319 5490
59 95 981 542
16 20 74 4206
106 181 783 8736
108 195 407 6618
69 92 941 4108
28 132 753 9012
134 180 598 4433
1 198 337 4284
136 151 451 9207
66 158 547 5648
11 180 544 3772
87 122 448 1050
54 178 227 6162
13 192 840 7990
21 51 421 1688
54 170 724 6891
136 34 851 2900
29 140 716 7607
1 60 217 9672
26 82 309 8383
42 57 902 1137
106 165 512 7573
126 154 87 4972
90 152 314 8063
12 115 893 638
109 174 923 5266
119 167 539 4571
63 191 811 1258
54 56 294 9986
51 90 765 1003
114 152 764 583
16 142 980 7500
43 70 975 753
4 26 966 7603
62 198 336 1670
57 86 420 8817
154 169 242 7130
18 168 714 4875
20 143 275 8318
87 110 605 5638
19 25 588 6351
37 149 985 2377
2 143 560 502
102 162 463 4770
47 138 991 9856
60 87 804 6090
27 86 744 6659
21 128 801 8053
84 172 472 2721
156 120 566 1836
28 140 102 6952
36 79 568 4103
103 142 594 4185
34 187 100 8177
22 43 815 2429
23 93 384 5854
33 41 576 7433
37 190 134 2654
122 176 909 6515
57 151 979 3975
129 143 676 1693
98 131 669 8452
44 92 282 7416
56 94 228 5373
24 182 695 3126
101 191 406 9131
0 117 287 1828
124 161 892 2313
17 77 192 8847
3 175 997 7066
81 94 372 225
119 126 619 7990
169 197 37 4669
135 196 866 1655
185 117 18 3292
51 86 480 3348
43 184 300 9076
47 199 396 3485
96 126 745 6060
20 167 57 90
137 116 859 9656
65 73 268 6689
83 144 540 8071
29 193 241 767
165 184 148 8378
34 85 734 951
71 142 329 2985
87 98 652 2403
148 161 388 1716
94 122 47 5077
12 188 670 9832
169 189 826 1698
10 134 783 2097
134 176 375 235
152 164 440 1123
93 52 124 200
56 143 960 5645
102 134 585 8298
117 153 537 7388
41 81 576 7663
51 62 236 1425
49 78 481 6442
37 141 682 4797
161 181 555 4278
0 23 78 239
4 54 686 4100
37 198 758 9022
113 140 531 7130
88 175 840 9794
17 20 572 1817
45 161 548 5481
10 118 942 5208
8 141 812 325
52 189 118 1911
108 117 926 2673
126 130 314 3540
72 146 330 3153
6 79 462 1914
5 99 622 3092
107 124 434 2624
72 162 936 7290
2 163 53 896
144 152 582 1879
153 53 522 8695
127 152 744 4715
36 38 914 9497
46 193 426 4462
25 33 920 6844
178 141 795 232
5 152 712 5304
2 25 150 1035
28 128 465 3125
36 103 881 2699
15 120 406 3731
6 77 942 2529
13 188 673 5542
100 116 286 6424
10 61 602 5315
160 198 590 3488
118 159 311 7994
98 123 811 3652
14 129 812 5308
61 105 889 7421
38 165 723 1929
109 178 797 6508
111 147 428 7022
88 191 377 3345
80 123 433 8059
14 88 967 8538
124 99 80 942
164 14 613 3973
32 39 860 9000
108 170 192 7898
9 49 888 3546
42 164 675 8254
9 122 716 2018
83 128 560 395
160 169 296 1896
74 119 787 3151
33 134 55 438
125 199 700 3419
20 151 408 4161
59 79 41 4824
1 182 285 8008
31 52 149 2648
155 169 476 4334
130 173 844 6509
55 113 866 6912
22 128 254 6519
78 174 172 4645
77 104 222 2109
100 193 968 7007
111 135 743 5631
168 197 822 2936
5 26 591 4575
165 180 758 8197
27 106 722 2026
147 170 727 9887
91 99 378 1522
65 82 579 4390
147 182 348 6925
92 198 818 1400
21 165 491 5709
53 189 471 1136
43 107 102 6260
16 81 759 763
89 132 486 64
13 196 366 5456
51 151 340 8937
129 184 231 9414
103 170 148 8611
17 97 321 8044
59 160 995 1796
71 85 128 5182
142 167 982 2335
62 194 132 2183
109 121 247 9937
42 46 393 1083
72 191 45 4505
161 185 743 4070
52 112 476 424
18 54 611 6936
147 190 106 7809
14 165 938 7547
104 129 183 7069
106 120 71 3743
33 114 206 647
105 192 526 5430
52 100 934 5112
92 145 125 1676
94 2 925 1250
13 135 893 9852
32 198 572 4019
109 125 823 7306
10 89 567 2318
162 177 866 845
54 166 554 325
121 156 688 3577
30 162 403 666
141 198 62 8696
74 180 172 8442
17 166 433 3005
56 62 404 2761
8 35 825 8596
47 53 975 3664
61 6 532 5489
52 132 581 7341
53 144 281 1591
7 141 971 14
96 101 327 71
152 180 881 3023
15 169 925 9047
10 183 251 8519
46 173 915 2481
156 195 863 7717
78 81 10 3923
7 145 49 4455
133 146 626 8593
171 198 925 5560
3 130 442 6913
6 107 488 2387
174 199 193 1029
167 5 376 4921
29 148 428 838
29 197 958 8747
129 196 915 9959
21 185 11 2393
153 194 350 8284
163 170 81 5970
99 165 225 7779
191 1 491 5573
140 178 617 4319
0 44 518 4242
17 56 416 6709
54 125 454 2753
37 137 473 4600
65 171 385 8338
0 56 797 5859
0 121 321 1426
0 190 648 6155
116 186 505 8936
58 102 951 1991
119 195 890 6826
76 108 249 9869
101 114 15 4732
23 32 247 6834
36 152 258 9637
18 107 938 9522
75 84 539 1695
58 187 333 6061
3 118 212 6855
117 198 550 3566
143 171 324 5332
11 42 298 5935
51 78 957 2309
62 96 320 9612
1 194 70 9645
83 136 833 9217
45 84 327 1098
18 196 559 4963
27 65 755 8275
78 166 394 4190
63 187 956 6586
3 110 872 9800
82 136 971 636
8 161 658 9927
99 161 581 5011
14 157 249 2427
12 192 421 60
96 150 320 9833
125 187 355 5075
86 125 889 7468
91 152 686 3405
136 147 27 3687
21 169 1 3866
88 42 45 5292
4 148 634 5397
151 164 505 7182
90 176 453 7711
49 82 746 5293
100 161 856 9452
6 22 98 7907
148 194 489 2146
162 197 164 5144
40 57 360 8779
122 160 460 1691
9 179 11 1067
57 159 782 3479
4 132 331 6232
12 50 427 6175
155 43 876 161
50 94 599 1627
44 104 679 8875
43 79 713 5601
10 114 984 3917
65 118 418 2682
0 68 961 3718
42 180 272 2366
71 150 935 6363
22 47 190 2029
170 190 428 4521
21 67 764 8067
189 192 356 8231
97 172 268 2778
130 165 34 6820
19 123 811 1338
77 120 979 7363
40 134 974 1725
86 178 43 2917
0 72 291 1758
112 126 370 6623
136 139 113 1310
109 129 574 7740
15 116 670 4699
91 176 828 9857
13 62 6 8594
181 90 990 4985
47 73 826 5235
145 160 127 3645
173 30 711 2469
61 129 935 3259
108 138 872 8695
22 157 382 9049
22 116 135 7803
20 37 193 3443
29 168 210 5864
117 137 772 4046
116 166 617 1030
158 180 210 7786
34 146 858 6654
91 107 818 3094
13 115 557 4290
41 101 447 8014
39 165 412 9372
15 47 191 7869
146 163 669 6946
97 176 67 6956
75 161 102 2279
9 138 742 9057
17 101 331 4442
142 159 45 7590
71 89 547 8652
45 152 524 5308
80 127 538 1875
65 195 903 6072
31 109 95 3944
30 93 941 4894
17 113 225 9340
123 182 285 2106
50 159 615 3862
38 97 367 1571
113 8 106 2425
49 151 307 7338
1 190 685 4538
19 21 689 5569
43 95 981 5555
125 150 887 7904
99 108 116 7268
68 137 522 5741
82 83 866 4133
141 190 614 9331
46 63 995 2966
109 117 627 8950
3 114 164 702
44 153 709 5885
50 131 18 5907
86 153 979 1405
60 103 655 8349
28 30 494 2599
101 130 767 2194
138 148 625 4836
21 116 294 6821
94 195 403 5626
11 160 828 9328
148 103 400 3691
94 159 232 7893
36 107 365 9200
41 126 581 3794
47 142 18 3240
43 164 80 8424
121 131 398 2355
57 90 188 1008
81 82 986 2502
84 99 266 1221
126 191 624 2558
3 73 819 2719
14 149 529 8611
31 125 994 6858
58 175 434 7515
42 54 471 7539
42 66 541 1843
61 137 168 3890
30 36 745 7503
108 113 876 47
21 144 178 6699
116 178 63 9029
32 149 300 5188
32 76 154 485
16 77 436 2850
79 125 755 2068
122 164 560 6515
57 102 755 8141
10 126 305 8078
130 177 231 2314
86 141 158 5758
3 155 77 1245
50
28 17091
36 17339
106 17483
15 17487
70 17457
48 17426
135 17522
198 17508
128 17440
185 17141
121 17105
67 17134
168 17427
51 17113
192 17281
96 17246
83 17246
81 17285
72 17282
130 17071
85 17194
2 17425
123 17306
54 17121
93 17515
13 17135
151 17328
137 17436
100 17231
153 17368
126 5473
11 17519
41 17355
8 17303
35 17552
167 17317
150 17490
63 17428
134 17128
194 17136
161 17264
173 17116
3 17373
65 17232
99 17347
131 17116
71 17459
191 17134
170 17404
80 17260
90
12 8613 5309
104 1403 6942
174 3057 4122
45 6426 6059
129 2985 6283
19 5366 3480
9 4071 2339
185 4124 8154
137 2449 5825
109 1893 3975
32 415 1195
190 2644 1444
2 1990 8813
193 8868 7237
48 5442 8940
82 940 9980
83 7148 4937
74 8242 5537
115 3364 6908
119 6778 1908
172 6675 1444
16 3641 9726
139 6959 8932
7 3320 4428
133 7219 3818
147 9426 9979
123 5115 5203
31 22 8548
81 5649 5934
120 8103 753
153 5305 5469
28 3965 2463
135 3747 3233
60 8455 9081
67 1415 6930
111 3375 9618
141 8813 3405
63 732 8894
199 7195 3291
38 5553 1939
162 1141 235
49 7437 5604
130 6044 3
93 2202 1241
134 6201 3930
30 9649 3769
146 1503 8542
39 3960 2804
113 8132 8537
23 9154 1893
103 5157 2251
165 4566 7397
91 3077 1750
22 5362 3049
15 7596 5512
167 6790 3927
98 3916 3545
131 1984 1376
171 2685 705
154 5090 1207
85 6167 7823
181 8613 1211
177 4240 9065
5 9617 5226
96 2620 9278
105 4988 5017
159 2068 36
64 891 579
101 9946 2077
160 1835 6075
117 549 3055
100 8753 986
132 6489 627
80 4717 1132
13 2631 975
57 503 7261
156 6807 8219
169 3113 6108
163 3353 1640
114 5315 967
186 1983 5961
143 6048 5954
188 7560 8214
126 3407 6510
42 3091 9055
33 5604 9134
157 3799 1510
35 115 8011
148 7917 2479
50 2659 1612
488
