50
99
7 12 565 3572
31 30 754 7276
35 49 512 901
13 37 733 7427
7 26 301 3702
18 13 679 1171
14 33 938 9107
21 46 208 598
15 30 616 6579
12 48 654 782
37 20 48 5679
33 38 178 5620
0 14 420 1179
32 21 296 1017
17 47 688 6048
46 17 960 6400
29 32 413 7707
0 5 419 2372
27 38 205 6646
22 28 378 9346
10 40 811 8563
41 42 157 7571
14 11 496 1922
33 32 513 1593
4 35 591 7285
43 9 629 8923
23 5 532 1547
26 45 149 4529
15 21 128 287
26 39 657 2354
18 44 998 6479
7 35 796 2971
10 27 343 5308
14 42 102 4516
3 33 611 3583
7 17 840 4137
28 3 904 6074
47 22 992 48
22 37 99 1601
21 0 180 8245
8 14 40 2155
8 9 187 4290
2 32 136 7112
29 16 493 1456
25 46 442 3086
3 42 544 9527
24 39 332 5561
8 18 144 9264
39 41 618 4864
36 48 598 9979
9 29 500 746
11 23 696 127
16 4 622 8518
10 36 648 9756
7 10 917 6849
29 41 759 9533
10 45 190 2848
22 46 433 6204
33 47 700 5469
6 15 804 7693
40 33 167 5209
25 34 233 4026
34 1 537 7495
5 2 690 3247
36 6 396 9646
18 35 353 302
40 41 283 4237
1 36 691 4213
2 41 6 5374
0 23 434 2921
6 48 619 972
15 16 695 6180
3 15 166 343
15 25 545 8841
19 42 143 1819
14 15 756 9952
41 25 334 453
20 26 436 1045
3 34 179 9374
49 19 647 2961
44 23 823 9347
14 24 906 8269
45 43 13 799
3 24 716 38
11 7 39 3532
25 43 352 402
44 47 843 3077
15 12 69 1195
48 8 934 1296
18 26 989 7779
30 28 690 672
38 18 63 2546
15 39 727 1006
3 6 564 101
26 30 439 9042
0 27 410 6849
21 37 94 7038
2 31 87 9401
42 24 30 333
20
43 14977
15 14662
37 14705
33 14872
16 15039
28 14891
11 14640
40 14798
31 14798
10 15071
29 15093
1 14811
5 15025
4 14981
34 14872
25 14735
18 14729
22 15074
48 9885
13 15068
30
44 1998 8349
23 557 6147
24 251 9069
39 135 6954
31 3167 7417
14 3248 4481
3 9284 5098
47 9208 3433
26 3784 5282
41 6114 8539
34 7279 1138
48 7852 3157
32 3852 706
18 2723 3853
2 7801 8481
21 21 2882
1 7372 4694
20 7961 6190
22 5140 860
17 9336 9621
49 1879 6795
30 5558 2949
12 6326 4770
7 100 91
43 8287 1569
8 7180 6842
29 7634 1125
36 4590 5093
15 8820 5153
42 1805 2548
637
