200
2512
19 74 549 509
60 160 808 321
106 145 577 123
49 123 738 254
115 0 319 510
38 43 794 570
35 160 514 721
112 167 431 165
162 193 566 168
43 176 274 943
15 165 932 166
152 160 234 281
158 184 72 350
120 197 460 113
24 93 35 247
7 198 831 556
76 96 408 365
67 180 170 361
34 65 886 412
82 100 127 785
33 102 797 250
26 192 853 743
83 189 833 174
42 176 120 980
153 157 916 768
152 156 36 954
40 171 515 813
48 195 188 16
75 187 753 139
67 39 799 180
65 130 746 998
17 105 457 671
16 85 591 191
71 182 957 530
27 110 487 639
27 45 373 956
35 83 853 664
93 121 311 979
48 113 192 229
48 97 471 121
37 145 105 885
55 186 812 688
104 135 162 237
22 120 849 103
77 32 739 942
81 139 66 751
85 170 224 100
28 185 578 998
12 184 753 382
142 183 131 209
91 162 917 9
81 48 794 255
106 177 442 620
90 103 979 726
128 168 828 217
24 64 920 630
33 17 984 164
99 149 435 883
72 134 985 848
60 144 374 128
121 152 646 292
78 89 317 882
123 153 202 721
106 149 365 877
33 183 693 747
82 173 75 693
12 164 178 234
131 161 88 753
163 174 361 490
143 163 789 913
135 139 930 537
180 195 201 357
51 94 648 187
77 173 90 272
146 182 198 459
81 155 500 525
81 90 479 336
6 42 651 637
96 146 732 910
38 177 82 438
195 184 580 830
54 182 168 135
112 145 553 982
23 150 535 497
4 111 379 923
117 194 982 514
78 85 109 195
187 185 509 771
27 102 696 664
183 188 207 429
87 175 474 409
24 32 592 955
95 187 56 464
123 129 482 707
11 164 658 533
60 152 124 729
39 23 690 214
35 144 127 845
158 172 927 270
26 33 343 515
63 98 274 162
11 103 148 348
47 130 705 762
118 171 957 968
37 60 408 922
33 98 36 509
69 88 677 143
13 139 422 689
23 154 851 162
113 144 423 943
4 83 455 335
144 193 277 645
116 141 768 751
48 85 99 919
11 50 339 616
64 102 347 770
53 83 610 245
65 150 706 956
23 36 197 441
19 139 415 116
84 140 7 868
6 46 9 590
121 164 357 847
96 142 169 460
68 153 897 519
114 116 264 715
62 145 453 380
78 101 991 230
72 73 962 613
80 194 203 361
9 69 667 354
37 129 401 962
110 158 841 48
97 103 405 541
89 185 257 700
12 180 704 734
57 106 615 402
43 188 529 781
30 186 225 744
107 120 334 282
154 161 942 220
162 189 45 186
99 107 716 194
60 67 268 706
129 180 945 671
11 168 507 404
4 164 437 968
10 110 318 599
62 149 684 635
159 63 769 499
27 179 849 345
107 193 556 924
35 99 837 396
54 105 603 532
40 199 394 740
40 118 340 120
24 27 572 772
27 122 432 231
126 134 588 706
27 143 400 119
99 133 93 761
42 192 437 933
58 118 499 817
143 187 258 474
84 115 689 894
135 147 901 510
113 148 222 829
137 177 999 816
10 16 17 520
67 176 688 736
58 191 259 277
106 112 850 188
56 82 985 191
104 143 925 215
70 77 488 376
20 78 101 798
2 102 231 157
94 191 757 806
11 18 67 262
65 175 676 306
99 145 453 555
48 80 783 482
61 68 103 174
177 190 166 452
47 195 35 309
41 199 275 526
114 197 205 616
101 171 401 912
12 66 524 768
31 48 452 898
59 168 706 862
30 170 275 396
98 111 552 431
61 141 75 627
43 58 203 873
74 176 152 529
136 196 804 188
86 194 257 687
9 191 281 782
169 110 715 683
13 74 833 169
139 162 189 941
13 131 555 204
93 137 903 822
101 118 433 580
72 150 908 333
36 50 697 902
92 61 868 385
76 120 822 212
57 163 208 784
20 21 970 690
39 108 234 893
83 124 902 763
108 154 486 857
180 170 535 898
92 137 832 534
124 149 688 807
100 120 732 857
92 133 908 100
156 191 600 894
122 180 454 472
38 88 861 986
89 128 479 164
96 175 418 880
86 109 852 291
186 168 169 342
37 72 681 355
93 141 961 13
115 166 952 143
42 135 451 538
36 99 889 473
26 94 604 149
42 107 399 849
85 158 94 319
51 82 151 519
107 189 127 572
2 13 511 515
168 134 46 265
78 117 948 886
3 191 310 405
76 92 784 465
2 55 818 671
103 174 183 544
22 136 595 566
27 159 258 383
85 113 451 313
65 187 120 480
47 126 971 966
34 138 813 853
129 131 275 506
147 174 443 601
79 93 526 599
125 175 510 534
19 119 221 338
55 158 155 933
74 135 403 623
69 133 920 473
118 135 581 525
23 158 968 784
116 194 8 610
129 135 508 462
175 167 293 596
69 145 434 608
36 91 127 172
0 64 528 662
129 16 234 217
7 129 985 540
117 62 161 802
126 138 370 699
158 176 437 646
114 132 188 830
86 186 428 349
11 38 541 630
96 158 280 138
58 179 919 837
44 145 656 771
104 196 684 665
71 195 168 717
93 100 686 271
183 192 696 495
170 174 702 888
47 162 87 680
102 142 787 493
0 60 483 550
176 186 21 757
51 171 768 809
14 72 910 877
98 176 306 452
60 71 335 574
3 102 941 849
24 52 308 112
12 127 911 918
140 186 459 189
18 176 27 811
72 77 336 427
154 165 931 973
43 180 825 231
48 174 159 510
26 78 105 252
86 129 591 474
161 13 853 254
27 53 31 221
48 162 199 615
142 163 605 140
45 100 668 361
44 129 819 130
21 197 998 219
73 119 737 929
64 171 392 485
21 124 212 381
31 129 437 203
33 155 336 337
113 128 937 132
72 81 827 976
46 59 509 558
54 64 741 112
13 119 295 521
16 150 518 333
45 112 984 244
16 24 286 604
46 132 879 714
63 155 433 437
11 46 104 404
17 89 96 659
13 70 568 850
42 196 796 664
76 149 648 489
59 136 865 294
8 100 805 277
71 158 180 652
23 174 806 901
138 189 927 492
133 154 699 627
24 109 699 951
45 120 818 134
129 139 187 543
111 196 424 139
118 127 380 568
161 177 383 945
34 195 659 459
53 140 619 615
31 162 204 970
45 59 122 505
63 167 667 152
180 191 631 185
9 142 471 402
134 19 951 488
20 25 853 897
5 14 249 844
15 43 768 605
32 145 697 526
130 169 39 913
36 168 805 786
36 26 84 748
194 169 723 493
103 199 23 580
6 111 712 651
3 171 832 743
15 31 273 391
131 165 684 211
137 173 80 916
146 194 997 518
1 109 446 393
8 96 352 809
53 197 654 169
113 189 927 999
59 83 365 116
93 129 234 199
125 183 605 707
116 129 641 641
11 111 122 437
34 159 947 200
69 76 481 977
2 98 573 25
10 130 940 128
40 130 718 845
39 133 462 716
149 195 174 172
110 121 835 105
8 92 491 642
19 46 206 123
145 156 355 118
5 10 519 243
16 122 526 200
39 153 336 933
121 58 567 154
166 171 614 505
80 86 409 332
41 97 410 865
35 197 954 783
75 108 464 754
36 115 613 226
25 147 65 942
131 153 575 941
29 30 749 305
53 79 129 657
115 158 859 429
108 162 740 725
166 113 328 318
94 175 882 759
28 193 139 257
13 21 686 325
85 93 651 371
87 133 183 773
43 123 21 829
13 78 487 597
70 187 65 523
66 107 953 670
101 102 758 237
30 166 528 936
11 34 449 550
92 141 698 186
43 172 500 543
2 29 342 493
134 135 314 565
140 162 543 673
172 196 38 724
71 73 857 916
63 171 925 740
178 194 935 112
45 169 669 182
140 190 300 921
104 180 223 445
19 70 964 461
16 40 526 234
155 173 912 116
8 165 529 662
9 12 743 888
161 173 222 164
3 126 986 175
40 77 522 889
95 130 236 455
21 181 844 701
181 199 56 505
170 178 902 604
61 198 360 198
134 192 340 504
38 100 175 588
170 186 598 515
84 91 52 764
104 123 627 268
101 134 809 413
2 90 772 461
155 181 150 542
41 69 10 751
27 167 253 859
71 146 80 290
64 51 636 969
42 119 251 626
84 156 998 740
139 199 482 848
74 192 673 575
3 179 501 181
19 151 712 307
77 79 347 899
55 166 386 444
1 11 302 789
46 124 399 854
30 52 650 879
50 188 56 827
44 157 510 428
33 73 31 649
6 58 931 31
119 163 706 480
40 73 854 367
91 156 95 787
26 147 104 509
79 174 846 50
97 115 850 115
113 185 766 314
75 157 111 717
43 54 323 820
70 89 514 651
131 177 857 536
7 23 409 339
80 184 301 476
42 115 354 366
16 181 766 375
80 188 408 795
0 7 288 940
54 174 101 939
11 54 241 801
164 166 115 250
7 60 523 623
150 191 291 900
19 180 515 247
93 194 705 398
101 175 345 432
32 64 409 607
69 165 157 262
99 169 790 420
103 146 519 240
58 114 558 514
18 123 417 886
13 82 833 442
78 138 566 591
24 56 31 188
49 119 724 956
89 193 431 282
31 198 495 256
61 162 925 606
91 103 350 326
56 151 946 119
13 123 766 769
2 86 318 901
21 71 502 927
70 126 211 957
22 177 946 134
96 199 102 732
118 155 152 828
135 180 552 567
103 162 165 721
155 177 882 653
40 114 354 585
17 170 189 619
105 167 530 880
88 122 943 116
12 135 538 746
42 160 439 932
44 88 404 979
155 197 184 239
110 113 401 409
141 194 355 151
112 183 483 399
47 89 958 334
48 170 676 378
32 137 186 492
29 136 404 431
67 119 390 683
107 177 141 347
91 168 821 268
46 116 609 662
61 84 695 607
128 176 838 145
29 156 22 284
81 143 531 353
6 54 450 782
4 168 626 382
89 116 263 974
18 111 178 782
49 139 877 673
21 75 933 217
55 101 381 423
6 152 157 729
12 54 314 306
48 101 771 955
80 192 504 851
107 185 816 813
32 141 299 148
62 165 409 404
177 45 67 547
17 162 426 680
95 134 393 530
10 57 118 551
112 151 851 424
15 84 277 123
5 83 248 879
108 174 943 568
40 183 293 520
113 197 695 879
8 47 625 179
32 133 83 592
75 173 764 640
4 156 716 996
84 103 427 779
44 161 492 317
115 182 770 380
116 121 731 601
36 172 132 509
116 182 958 291
55 154 227 570
146 186 528 376
62 190 764 175
135 184 915 262
3 57 902 655
58 134 875 299
141 170 392 294
32 35 915 822
8 27 801 532
50 151 548 308
3 134 239 551
148 157 435 896
66 156 112 652
133 158 492 704
45 63 161 326
109 166 66 677
31 137 296 932
58 183 437 657
35 42 158 717
76 104 311 882
26 151 411 186
13 151 178 483
56 78 412 375
73 107 129 868
36 54 89 233
62 76 439 298
109 186 65 270
60 140 495 495
56 167 33 299
114 148 90 249
115 186 830 599
22 169 390 374
44 76 153 667
97 168 739 962
176 192 290 977
97 160 257 260
46 181 90 231
30 113 383 735
67 164 986 886
14 104 881 500
31 178 36 427
158 183 197 920
88 130 763 396
37 165 478 542
181 195 995 423
18 172 825 460
71 81 592 778
32 142 213 385
29 95 667 655
19 66 249 188
70 114 273 389
54 20 399 754
13 37 756 851
144 148 76 433
86 182 718 179
26 135 368 632
184 149 49 604
81 196 855 411
128 193 706 139
52 181 434 565
18 127 308 383
26 196 237 269
67 123 15 677
10 151 870 965
41 73 43 160
1 141 860 284
4 18 118 346
114 136 81 623
85 101 270 411
95 118 18 605
90 148 690 544
9 85 801 317
132 187 625 815
69 96 194 275
6 50 803 138
122 172 983 794
15 100 297 585
40 110 550 228
100 108 290 913
114 193 979 333
82 181 124 952
72 76 720 825
64 163 727 156
23 81 671 487
31 194 218 299
61 182 453 265
34 122 194 891
8 177 497 508
95 183 67 475
68 96 574 606
20 159 347 240
16 69 238 486
1 129 162 426
6 168 343 779
40 191 131 800
110 28 868 782
28 124 801 246
11 91 779 953
48 158 454 996
15 177 581 729
28 67 727 913
30 101 294 641
31 190 754 590
123 141 393 681
112 147 323 584
63 126 338 302
98 180 96 295
177 182 319 954
47 77 985 700
129 155 378 467
79 10 947 252
38 108 923 773
17 36 564 274
188 138 125 568
55 129 871 495
65 69 17 278
120 132 200 553
8 88 743 767
94 171 395 901
2 45 104 294
68 190 963 237
84 197 811 776
85 182 379 148
45 116 399 535
71 97 106 288
14 51 842 351
42 188 477 438
145 148 695 746
73 180 880 640
127 168 696 113
4 75 867 842
149 183 338 213
36 111 788 675
35 103 149 240
43 66 221 714
78 158 680 647
104 176 556 452
37 157 77 308
196 87 24 692
34 199 328 304
24 48 726 704
146 198 23 850
67 196 407 498
57 94 959 298
73 135 843 798
92 149 158 606
32 190 926 626
45 104 214 258
9 16 102 380
41 146 533 470
16 199 497 257
74 72 935 362
63 115 245 367
6 164 274 261
32 194 580 895
23 85 954 417
28 87 849 366
38 92 425 744
7 88 746 406
108 150 322 449
22 63 564 616
33 118 506 436
87 90 477 974
33 191 483 798
159 192 181 724
23 97 830 762
115 174 295 416
80 107 533 829
98 184 887 349
49 70 243 463
91 115 159 825
107 132 459 713
17 48 51 594
11 99 914 705
25 131 290 163
89 148 242 689
21 59 97 302
0 174 148 280
62 133 886 580
40 75 934 447
6 38 530 903
12 62 542 194
12 160 377 295
6 184 599 834
26 155 654 264
7 76 660 825
5 87 359 455
49 74 992 851
24 166 407 823
115 129 882 419
144 189 685 872
18 50 889 893
57 147 775 442
38 96 907 179
119 122 776 903
9 59 859 723
4 30 794 704
17 24 465 301
18 119 197 146
33 126 390 865
90 160 493 171
31 121 235 931
111 143 587 192
75 112 748 338
15 157 210 345
107 136 390 861
23 44 309 760
156 183 355 877
39 161 568 314
50 135 17 547
130 157 803 459
77 193 745 967
54 93 97 302
119 179 934 989
151 152 201 590
92 96 484 697
47 172 442 489
21 63 534 263
193 197 688 657
24 125 646 737
85 105 280 389
1 48 520 885
94 102 694 142
58 122 165 974
73 176 40 319
5 160 266 517
24 178 483 188
111 151 27 461
66 95 15 118
70 146 875 513
109 182 329 285
71 126 504 309
24 186 14 455
119 183 33 418
80 180 34 204
42 184 54 896
7 149 140 542
15 51 815 410
136 143 72 288
169 193 194 472
109 150 672 356
5 95 622 126
74 82 2 590
14 76 858 89
28 144 549 393
105 64 923 554
46 120 331 814
34 191 150 376
2 155 519 838
72 142 594 204
33 171 763 139
70 110 942 979
15 112 504 433
37 80 933 855
104 127 440 472
178 198 544 214
36 156 140 488
68 178 510 214
83 132 302 113
98 115 167 662
59 197 982 924
47 158 955 388
27 175 74 496
87 159 595 141
77 181 297 586
135 143 773 357
121 168 802 281
69 153 433 713
49 196 376 297
3 98 776 186
24 170 226 738
0 133 352 569
14 92 315 819
22 55 101 733
56 74 474 278
36 164 412 821
20 90 59 362
125 171 106 539
137 181 344 220
41 195 100 376
138 152 471 486
20 188 10 814
85 97 311 393
13 143 199 917
8 104 82 618
86 121 365 383
114 140 750 121
79 117 62 876
50 106 353 700
39 80 971 688
49 192 884 711
67 184 33 344
135 192 68 585
1 80 220 335
167 171 174 344
145 164 181 115
18 171 352 457
108 166 237 269
40 61 266 772
51 192 830 530
59 140 650 230
10 146 990 582
26 131 292 840
40 146 238 161
6 95 375 569
53 55 733 222
4 140 216 295
124 165 778 521
170 21 933 860
123 119 66 282
142 179 993 223
126 175 91 325
155 161 599 826
64 65 920 678
16 28 523 225
40 65 336 580
71 199 496 272
124 157 631 222
0 3 677 916
58 159 716 317
138 185 981 303
137 185 823 837
10 191 59 169
12 107 406 348
9 24 342 519
97 197 479 990
179 195 289 478
45 165 726 148
33 167 680 430
90 99 664 645
7 80 425 315
75 120 133 626
86 137 445 802
43 111 555 466
128 184 354 468
5 103 537 870
100 118 989 508
117 157 651 758
105 151 475 540
23 166 353 15
139 142 779 149
97 99 469 857
106 108 231 773
162 18 645 243
8 157 482 725
16 97 595 332
22 181 646 828
30 114 869 213
161 169 977 849
127 140 68 529
110 170 780 532
37 88 133 135
44 186 951 950
125 191 409 230
46 75 788 428
1 125 584 606
120 140 261 952
50 167 643 295
88 159 910 435
24 198 288 166
15 173 400 524
24 121 539 296
27 90 996 695
94 106 307 651
15 98 916 713
28 51 785 706
33 45 397 525
33 130 390 659
70 134 868 372
4 87 186 349
7 92 519 507
7 156 72 394
85 166 493 674
38 149 317 911
88 134 491 254
70 111 586 439
90 73 1 395
9 81 332 949
76 22 548 372
98 127 235 590
44 149 563 876
112 179 16 859
65 146 33 172
34 69 378 105
90 197 996 176
90 156 519 568
127 156 748 715
38 104 571 475
114 120 353 678
126 183 836 814
61 64 603 194
132 146 626 386
50 15 430 721
1 117 261 199
19 188 429 264
27 49 334 622
1 7 178 641
93 125 197 807
118 167 330 427
67 70 363 118
64 179 43 592
68 141 20 404
42 62 624 486
19 78 771 466
139 178 391 866
156 179 440 487
53 67 420 936
74 196 154 308
75 100 925 655
36 42 581 910
103 178 68 778
150 187 114 873
76 124 832 664
146 178 649 235
122 91 681 937
97 140 741 588
132 199 169 349
63 110 459 350
55 170 853 667
28 181 298 532
126 199 626 934
70 171 580 935
25 74 187 748
168 181 133 152
61 80 331 762
15 108 405 675
20 101 789 230
31 139 749 609
185 198 292 478
51 155 177 367
41 44 427 935
58 130 240 985
54 162 251 484
76 177 793 825
47 81 688 504
1 84 890 497
96 154 512 976
7 15 646 229
44 51 139 46
82 132 594 847
2 118 584 481
95 177 303 862
105 155 111 735
22 93 86 898
70 130 121 414
34 57 899 181
106 161 704 436
75 169 197 570
111 155 86 267
67 107 724 519
79 109 337 985
79 166 32 616
179 183 210 146
44 47 502 320
51 104 963 166
183 190 399 106
107 181 407 682
23 28 887 129
19 135 81 518
66 91 655 586
35 12 350 873
20 106 602 499
56 135 440 789
52 59 317 250
63 73 446 272
49 62 436 981
12 46 595 101
82 169 834 180
10 53 518 785
19 58 781 342
74 155 755 251
6 34 663 366
17 154 531 870
120 160 221 842
65 114 114 266
89 144 985 138
171 190 770 590
30 48 542 246
61 109 795 554
111 124 925 939
109 146 329 234
41 138 964 839
159 184 12 777
49 135 732 842
42 103 568 280
66 115 732 372
12 139 187 197
131 181 779 133
65 77 322 389
135 126 206 665
20 94 721 445
59 152 192 883
116 125 878 941
55 173 555 998
168 185 817 223
8 41 898 663
74 131 256 998
29 108 319 210
58 171 27 283
176 188 405 347
12 176 61 473
174 179 637 565
155 185 973 731
37 186 34 711
44 96 250 311
5 140 123 668
3 94 331 195
144 71 698 966
40 142 936 558
102 146 815 434
96 162 647 353
12 103 465 996
92 194 34 804
29 99 389 487
171 186 620 749
5 42 123 979
100 104 789 845
140 158 170 655
125 146 323 273
133 170 243 518
68 194 989 924
17 109 227 624
65 134 519 550
145 152 901 417
75 116 190 629
9 65 795 900
59 193 878 473
100 173 609 539
82 128 252 656
25 29 609 806
50 86 285 199
74 139 403 254
73 188 435 285
88 183 107 174
25 102 563 429
120 148 700 738
30 56 647 100
37 76 176 375
134 196 551 605
129 192 482 506
123 194 946 797
4 6 279 681
66 168 656 315
20 86 324 647
82 177 373 731
198 150 619 218
69 149 687 896
18 115 574 741
83 140 801 356
30 44 159 698
9 130 112 586
47 85 433 683
4 22 554 464
52 185 938 472
84 3 732 265
77 136 157 677
153 182 209 193
7 165 586 837
24 40 947 472
38 141 772 443
171 194 294 838
52 193 132 417
124 169 733 450
37 194 151 252
48 166 183 594
44 72 16 369
12 119 628 617
131 144 852 119
189 112 11 613
7 133 242 908
79 129 723 772
154 157 999 296
82 193 852 724
27 37 934 697
103 154 22 983
13 147 720 132
100 124 570 870
4 136 42 801
1 162 221 312
126 195 137 633
25 106 229 352
68 80 739 622
61 178 735 281
39 51 793 728
19 62 798 821
2 147 625 572
58 4 638 145
34 183 590 959
73 164 121 435
121 160 511 495
165 196 884 905
62 137 623 533
142 164 737 508
43 119 603 825
101 195 295 829
24 113 7 574
85 117 762 857
28 136 686 185
28 88 658 833
45 51 498 495
90 140 795 566
168 169 767 962
40 187 415 699
177 186 478 994
62 153 159 877
38 84 415 574
4 91 78 404
5 67 64 358
92 117 481 491
36 58 233 454
31 117 34 816
10 199 341 952
143 89 670 394
10 69 963 357
25 139 620 335
51 98 611 232
67 111 42 882
35 79 610 927
40 126 303 990
1 155 781 856
95 191 168 522
159 180 65 746
114 173 874 406
153 178 22 174
50 78 573 327
88 118 556 421
13 94 632 670
127 172 941 417
118 151 546 601
14 31 594 881
63 102 401 938
47 69 236 902
117 133 326 376
27 147 462 886
22 75 389 934
68 125 633 388
48 117 253 534
49 166 124 502
133 162 714 434
1 56 118 871
147 179 656 144
63 118 238 412
107 173 556 534
124 153 820 703
72 89 643 360
25 159 349 919
102 130 264 954
4 99 5 347
23 24 87 584
61 117 159 191
18 38 342 562
57 110 915 651
61 186 993 260
16 195 133 755
165 50 464 169
64 191 315 255
52 63 742 408
79 178 755 482
92 190 579 723
123 137 148 371
105 135 144 819
131 173 753 707
22 189 552 859
101 179 719 663
73 111 730 802
165 188 405 114
104 155 633 782
110 190 139 104
100 181 678 463
96 105 9 508
13 17 537 406
11 107 327 665
41 70 277 585
18 180 473 638
59 156 269 896
102 150 9 853
95 146 872 886
106 169 111 514
47 134 239 759
77 124 381 446
2 159 484 603
45 47 840 262
36 184 236 851
52 173 353 836
43 115 224 442
31 80 24 429
46 191 386 677
12 58 644 662
78 170 444 808
78 154 170 701
62 64 457 699
133 199 11 495
4 152 259 963
0 129 219 202
37 92 702 259
153 198 728 155
18 34 744 951
19 192 259 187
17 40 61 979
58 65 394 778
70 73 219 390
133 174 895 862
80 111 615 512
56 131 148 694
53 91 792 893
13 58 608 596
24 36 620 827
64 122 762 382
65 126 868 863
102 191 831 911
55 182 957 930
46 67 919 413
10 12 151 961
88 114 339 621
134 143 767 632
8 84 130 466
66 103 23 582
62 72 380 121
34 134 296 973
134 139 1000 898
130 96 518 935
60 99 595 599
108 125 304 17
60 156 592 324
64 106 328 206
53 136 460 362
40 53 874 389
141 161 989 490
81 135 502 922
34 81 473 171
56 196 525 375
138 164 814 861
25 86 566 329
10 187 355 556
76 112 733 771
52 120 672 907
71 101 645 676
50 90 655 386
16 191 427 927
54 113 333 961
23 138 792 116
65 191 493 857
123 198 199 517
168 177 141 313
87 106 653 893
46 185 79 286
57 143 139 129
127 197 982 704
127 66 571 593
23 56 878 198
20 131 79 160
30 125 973 281
75 104 366 749
33 110 327 298
42 172 759 709
23 77 902 857
5 136 371 384
26 90 719 917
83 197 964 696
27 33 977 785
150 195 26 582
30 154 919 549
79 170 331 587
55 56 956 484
42 123 926 938
34 110 787 188
23 40 118 891
19 9 754 968
70 183 364 914
88 187 574 876
18 164 140 764
68 72 584 601
169 177 46 175
2 171 919 202
12 123 320 536
56 155 431 790
18 46 622 787
15 104 486 652
53 75 137 141
144 185 830 136
42 50 528 706
65 199 356 376
57 167 172 985
51 196 14 617
89 176 999 573
63 130 780 462
130 193 970 979
112 159 379 278
5 156 120 829
72 85 420 38
125 195 750 363
86 166 231 844
14 84 510 230
77 116 802 692
54 68 183 424
31 186 304 974
58 61 397 219
5 144 795 190
49 176 787 865
125 134 429 413
38 47 684 649
18 160 706 215
73 115 715 585
87 151 440 374
70 142 634 268
5 30 644 853
146 166 1000 454
69 108 11 909
149 86 100 970
133 142 126 872
30 105 517 641
25 90 459 738
75 177 757 374
131 169 969 463
190 196 726 600
51 135 437 797
79 186 612 941
157 191 674 211
58 77 391 531
29 34 434 469
46 71 290 485
88 102 410 641
56 86 42 755
152 176 240 502
66 79 316 456
64 159 732 953
35 95 822 695
31 141 386 326
151 35 733 976
53 87 136 728
156 187 374 294
86 113 968 53
52 55 610 217
150 175 886 60
104 139 614 471
1 137 925 795
59 115 403 692
81 151 646 694
29 160 980 957
27 94 784 463
52 116 883 340
132 191 103 138
3 183 877 696
72 199 243 332
14 15 844 597
110 186 701 601
173 187 428 605
11 184 724 968
82 189 743 336
27 41 874 107
21 55 241 965
35 152 445 262
0 137 291 271
91 119 79 331
95 171 261 170
95 175 296 933
100 177 476 854
14 145 821 636
136 159 299 33
66 172 588 679
10 73 116 638
104 119 77 533
84 95 256 276
83 47 46 721
163 199 535 960
81 192 874 162
15 63 705 981
60 148 607 446
54 121 143 952
122 144 122 824
1 178 116 220
23 170 802 272
43 127 42 860
57 122 689 825
64 114 499 843
22 185 341 323
45 173 490 747
110 117 635 661
77 132 831 824
118 163 862 744
166 196 911 895
14 35 213 603
28 79 848 367
41 142 60 212
132 134 353 434
121 176 845 252
187 191 133 740
192 56 322 982
179 136 753 734
115 170 315 474
80 143 477 835
83 185 714 150
44 84 920 207
97 119 844 895
10 65 92 571
181 183 16 217
76 165 719 315
48 138 322 402
85 109 73 617
35 140 788 780
115 154 268 410
91 188 546 395
129 159 429 757
3 61 46 309
144 173 401 825
90 91 753 517
29 115 703 565
89 112 877 923
84 87 187 542
117 149 620 840
71 154 701 636
59 172 193 311
19 131 295 750
74 143 48 837
77 177 300 845
98 119 603 158
32 96 590 157
55 105 68 524
93 145 727 350
52 177 40 494
110 154 887 270
63 175 744 929
88 179 108 367
51 143 902 675
64 110 28 402
46 148 389 742
47 146 72 810
193 40 356 544
174 187 958 139
11 22 949 162
91 131 628 776
10 171 419 797
95 114 567 127
57 175 1 902
3 53 537 466
9 195 984 809
29 83 897 563
51 147 190 658
20 163 503 260
5 197 170 882
121 188 62 743
109 113 39 285
95 199 941 332
122 156 703 660
148 186 867 883
16 138 111 156
57 179 655 341
65 93 697 453
101 187 112 321
33 61 857 648
11 95 268 743
27 151 889 966
50 143 886 520
127 160 601 847
108 142 145 200
7 186 643 870
79 113 39 453
104 192 616 318
32 153 828 251
14 19 804 332
108 158 923 473
97 152 853 828
78 93 619 367
3 167 809 663
98 188 936 897
72 187 544 862
140 100 834 665
33 53 70 912
29 152 430 753
53 132 749 793
168 193 681 250
133 198 933 541
77 189 909 404
142 151 171 893
85 174 317 226
149 163 982 726
44 165 773 934
8 31 135 307
113 132 616 668
0 194 964 689
120 144 170 214
123 125 294 828
113 160 649 669
138 193 36 425
83 148 599 411
31 84 52 289
34 126 697 554
41 89 994 774
70 191 658 960
54 198 858 742
18 62 907 269
139 150 558 848
87 143 384 434
101 122 848 669
111 139 1 663
165 192 56 200
174 175 638 825
29 38 266 313
35 87 529 112
181 187 359 937
105 147 484 380
26 62 720 733
52 136 890 254
128 131 872 539
66 184 365 934
157 166 538 708
64 118 955 865
74 123 999 113
82 157 31 501
88 171 804 966
106 124 962 427
149 167 807 365
18 103 209 546
192 193 738 640
55 174 972 524
11 81 255 48
80 135 330 121
30 97 862 353
22 59 249 748
150 148 866 858
70 199 44 837
71 138 279 447
35 67 544 380
174 25 288 786
97 24 30 696
90 144 853 155
24 105 531 375
139 154 561 234
48 154 966 983
59 37 68 583
14 161 821 144
28 75 912 194
0 178 881 196
23 109 549 469
14 96 275 764
8 149 973 534
31 182 903 442
7 137 161 977
25 143 685 844
52 169 815 726
123 145 432 733
77 197 783 892
49 131 239 381
55 60 497 424
77 185 150 524
152 172 179 880
41 85 61 867
29 91 277 341
30 150 549 836
178 186 576 653
36 95 753 578
157 187 202 787
73 172 653 84
2 37 893 564
64 195 665 884
6 172 738 807
78 162 85 443
87 102 727 383
180 187 683 578
34 130 275 609
31 105 114 577
91 172 194 122
82 185 309 628
137 189 936 964
101 126 17 243
22 132 265 145
38 157 830 889
21 112 654 401
5 79 101 432
110 178 629 275
35 124 144 294
139 146 39 693
33 187 631 273
162 185 778 739
60 197 613 964
3 41 268 576
120 176 843 819
43 50 537 567
56 188 94 606
48 89 579 250
78 105 779 831
15 27 764 147
136 155 488 383
87 163 656 349
73 168 934 26
135 188 425 300
57 49 330 648
93 157 439 640
102 187 734 247
35 136 938 187
29 172 522 176
75 165 263 153
79 97 342 318
79 121 265 940
94 110 346 976
57 98 434 586
74 127 402 355
6 115 631 159
52 128 64 808
97 156 902 984
152 11 523 528
49 188 341 577
31 64 200 183
32 80 169 209
29 87 600 432
143 151 873 453
4 79 465 292
148 182 832 234
59 91 520 969
76 181 509 313
117 141 105 564
31 56 874 217
140 170 722 429
5 109 152 765
37 133 930 884
20 29 31 134
120 152 193 115
110 133 623 401
53 185 775 329
8 145 798 263
131 185 425 258
4 34 286 442
83 91 453 564
82 120 500 584
3 45 237 558
64 167 945 875
33 57 562 747
68 198 132 152
95 195 148 930
22 112 493 880
159 196 284 375
31 68 568 648
91 111 415 316
25 151 448 321
63 114 3 201
182 178 133 578
24 174 861 478
53 71 159 676
44 108 438 900
93 182 624 246
103 158 155 811
116 140 632 936
27 29 716 708
27 163 924 949
143 155 899 354
105 110 696 736
25 70 237 334
69 80 843 882
121 172 97 249
101 138 28 152
160 46 291 617
59 87 688 131
2 33 216 444
60 91 110 220
26 188 377 162
127 164 575 148
52 157 467 710
21 120 368 495
20 147 964 274
24 162 716 378
78 142 991 795
73 127 788 533
84 152 868 841
16 154 862 587
87 94 929 895
7 194 55 654
14 153 190 276
49 66 905 280
83 87 126 687
60 83 397 689
12 44 974 818
103 68 168 276
66 164 293 236
144 197 621 408
50 163 969 126
53 29 207 524
8 43 407 221
89 197 419 605
82 112 880 954
128 180 880 511
17 93 498 881
99 153 831 845
11 148 543 390
44 31 84 236
0 19 775 503
3 4 906 118
79 182 587 179
80 196 361 832
3 49 15 306
17 52 295 426
68 133 181 581
147 186 714 455
192 197 792 934
46 169 272 594
80 131 985 188
92 153 583 952
67 127 37 537
91 160 552 604
103 105 761 606
18 66 467 788
131 149 552 608
26 74 817 586
9 187 605 583
34 142 337 453
132 142 303 937
39 96 117 196
10 77 485 867
151 189 687 320
17 182 254 915
134 155 105 186
18 184 743 506
107 116 400 138
25 78 874 843
29 79 674 682
46 189 288 989
98 137 391 601
30 40 752 835
5 148 619 380
61 121 700 419
171 182 826 908
74 78 269 664
55 117 723 908
160 194 52 909
1 121 725 297
70 118 444 871
25 163 421 222
158 188 685 943
7 72 860 608
149 179 883 326
0 186 590 194
141 182 179 620
9 53 9 536
94 163 865 172
30 109 324 989
143 159 252 755
62 80 457 625
21 108 224 259
141 186 253 839
7 190 630 267
85 129 307 482
73 95 491 519
19 196 805 354
2 175 666 736
21 189 598 759
89 136 88 588
157 95 147 484
16 158 827 202
63 183 536 656
25 155 700 225
4 38 376 983
26 139 9 855
26 167 994 377
30 182 277 265
17 158 843 463
98 168 122 124
32 60 65 124
132 162 324 728
52 75 853 921
15 193 346 420
72 130 541 273
29 42 311 929
5 124 923 644
68 84 10 727
14 74 828 448
136 171 101 146
8 108 43 534
78 97 727 593
114 189 661 500
141 145 784 806
0 76 754 288
55 109 949 814
94 179 439 700
34 53 179 931
25 127 563 680
9 134 905 977
142 147 453 156
48 142 421 981
130 181 804 674
17 78 161 772
116 198 790 816
69 104 421 348
97 164 306 803
0 125 877 846
125 38 106 363
183 184 29 623
62 141 583 189
16 65 40 762
181 191 931 218
25 82 124 402
86 198 914 711
140 154 789 763
35 156 205 958
46 112 297 526
51 139 53 315
95 126 343 321
8 15 855 912
104 131 141 618
16 134 202 166
119 175 829 410
78 195 181 997
167 183 103 180
6 103 735 319
14 108 671 624
38 161 514 230
61 194 323 919
23 113 428 860
87 147 667 159
93 198 809 312
100 165 730 702
94 118 483 180
76 161 412 711
139 121 646 364
112 163 937 590
82 116 325 404
81 98 792 251
161 165 214 503
85 186 823 383
112 171 293 542
91 95 503 611
9 199 869 788
110 162 948 500
4 95 891 599
60 176 431 222
1 64 425 851
16 93 536 322
73 184 821 303
138 84 8 891
110 174 238 628
9 106 789 291
107 160 736 338
132 150 278 400
68 121 919 391
4 193 263 976
1 68 24 942
190 192 506 180
197 7 81 201
80 82 214 153
117 121 424 287
19 176 377 642
106 102 85 903
1 186 637 407
47 183 70 423
1 52 501 835
39 112 160 241
34 73 273 652
155 165 860 519
56 139 463 821
78 150 944 206
46 55 175 126
62 84 889 812
11 156 911 435
9 73 922 575
85 196 908 603
83 160 269 667
65 138 525 505
89 91 583 593
23 101 205 688
8 120 814 496
48 93 414 562
32 84 751 932
149 175 752 335
95 150 201 297
39 92 466 923
68 76 499 975
43 168 455 670
17 150 701 386
84 160 446 462
66 152 285 364
14 27 736 694
126 179 410 757
45 157 701 731
3 187 930 457
56 147 526 453
138 140 37 848
100 112 235 125
148 198 810 784
78 113 204 686
1 105 486 329
53 160 616 747
87 167 69 334
26 143 986 533
128 172 685 883
128 188 84 774
0 80 228 997
127 176 858 431
38 145 969 292
15 59 313 880
39 76 690 530
7 19 747 642
47 187 798 510
18 91 455 592
76 169 753 392
49 180 895 657
81 147 108 702
123 157 94 298
84 144 689 615
89 189 588 261
80 139 787 851
69 169 856 933
118 147 316 484
99 104 698 254
125 130 400 484
33 175 913 823
69 161 926 975
172 92 694 136
21 132 47 122
53 128 137 943
125 126 40 164
6 99 854 960
80 164 61 723
114 143 16 507
114 128 301 456
56 90 391 569
5 22 78 138
67 192 64 314
15 161 804 837
113 124 843 955
113 136 102 347
2 106 979 287
76 88 644 256
98 172 752 241
156 175 811 380
14 23 617 244
199 197 21 121
42 139 748 934
139 158 856 437
12 196 762 172
20 74 219 626
46 128 318 394
81 86 971 892
17 32 228 442
100 169 538 274
109 170 987 813
20 135 468 928
87 179 221 462
59 99 651 960
105 163 688 501
24 68 486 361
22 193 335 714
132 36 934 999
50 147 368 334
45 108 552 257
73 123 53 509
54 109 243 348
9 28 421 558
115 117 252 710
126 187 843 785
39 149 180 538
7 35 443 639
130 161 780 796
22 100 475 40
13 90 592 716
137 193 258 136
102 199 290 959
26 86 694 918
101 180 756 970
39 88 310 275
66 111 632 527
94 114 634 683
69 188 726 553
154 85 948 600
66 99 761 516
40 69 769 958
28 71 69 286
35 148 224 709
49 58 636 479
61 125 488 318
80 119 719 775
38 120 431 661
25 184 302 971
53 148 777 456
26 37 59 331
48 150 710 965
2 49 879 230
31 60 614 979
171 106 417 831
140 174 210 714
12 82 400 385
19 82 106 894
174 183 682 926
28 83 497 790
22 173 755 359
67 139 166 371
41 154 202 950
1 3 82 228
111 192 358 700
117 145 846 474
158 168 102 278
138 144 711 148
103 117 877 976
9 183 279 851
34 89 250 726
40 89 546 984
32 92 266 756
72 93 692 122
50 74 88 213
59 148 540 853
41 158 26 683
64 175 161 555
39 169 362 684
6 156 105 927
39 145 982 748
62 92 896 856
20 33 395 239
2 41 626 304
162 181 53 335
93 153 153 855
143 167 405 154
28 197 254 774
145 195 237 792
124 137 340 451
10 142 248 293
61 190 603 455
9 126 693 284
42 58 124 754
55 97 319 549
59 95 981 542
16 20 74 420
106 181 783 873
108 195 407 661
69 92 941 410
28 132 753 901
134 180 598 443
1 198 337 428
136 151 451 920
66 158 547 564
11 180 544 377
87 122 448 105
54 178 227 616
13 192 840 799
21 51 421 168
54 170 724 689
136 34 851 290
29 140 716 760
1 60 217 967
26 82 309 838
42 57 902 113
106 165 512 757
126 154 87 497
90 152 314 806
12 115 893 638
109 174 923 526
119 167 539 457
63 191 811 125
54 56 294 998
51 90 765 100
114 152 764 583
16 142 980 750
43 70 975 753
4 26 966 760
62 198 336 167
57 86 420 881
154 169 242 713
18 168 714 487
20 143 275 831
87 110 605 563
19 25 588 635
37 149 985 237
2 143 560 502
102 162 463 477
47 138 991 985
60 87 804 609
27 86 744 665
21 128 801 805
84 172 472 272
156 120 566 183
28 140 102 695
36 79 568 410
103 142 594 418
34 187 100 817
22 43 815 242
23 93 384 585
33 41 576 743
37 190 134 265
122 176 909 651
57 151 979 397
129 143 676 169
98 131 669 845
44 92 282 741
56 94 228 537
24 182 695 312
101 191 406 913
0 117 287 182
124 161 892 231
17 77 192 884
3 175 997 706
81 94 372 225
119 126 619 799
169 197 37 466
135 196 866 165
185 117 18 329
51 86 480 334
43 184 300 907
47 199 396 348
96 126 745 606
20 167 57 90
137 116 859 965
65 73 268 668
83 144 540 807
29 193 241 767
165 184 148 837
34 85 734 951
71 142 329 298
87 98 652 240
148 161 388 171
94 122 47 507
12 188 670 983
169 189 826 169
10 134 783 209
134 176 375 235
152 164 440 112
93 52 124 200
56 143 960 564
102 134 585 829
117 153 537 738
41 81 576 766
51 62 236 142
49 78 481 644
37 141 682 479
161 181 555 427
0 23 78 239
4 54 686 410
37 198 758 902
113 140 531 713
88 175 840 979
17 20 572 181
45 161 548 548
10 118 942 520
8 141 812 325
52 189 118 191
108 117 926 267
126 130 314 354
72 146 330 315
6 79 462 191
5 99 622 309
107 124 434 262
72 162 936 729
2 163 53 896
144 152 582 187
153 53 522 869
127 152 744 471
36 38 914 949
46 193 426 446
25 33 920 684
178 141 795 232
5 152 712 530
2 25 150 103
28 128 465 312
36 103 881 269
15 120 406 373
6 77 942 252
13 188 673 554
100 116 286 642
10 61 602 531
160 198 590 348
118 159 311 799
98 123 811 365
14 129 812 530
61 105 889 742
38 165 723 192
109 178 797 650
111 147 428 702
88 191 377 334
80 123 433 805
14 88 967 853
124 99 80 942
164 14 613 397
32 39 860 900
108 170 192 789
9 49 888 354
42 164 675 825
9 122 716 201
83 128 560 395
160 169 296 189
74 119 787 315
33 134 55 438
125 199 700 341
20 151 408 416
59 79 41 482
1 182 285 800
31 52 149 264
155 169 476 433
130 173 844 650
55 113 866 691
22 128 254 651
78 174 172 464
77 104 222 210
100 193 968 700
111 135 743 563
168 197 822 293
5 26 591 457
165 180 758 819
27 106 722 202
147 170 727 988
91 99 378 152
65 82 579 439
147 182 348 692
92 198 818 140
21 165 491 570
53 189 471 113
43 107 102 626
16 81 759 763
89 132 486 64
13 196 366 545
51 151 340 893
129 184 231 941
103 170 148 861
17 97 321 804
59 160 995 179
71 85 128 518
142 167 982 233
62 194 132 218
109 121 247 993
42 46 393 108
72 191 45 450
161 185 743 407
52 112 476 424
18 54 611 693
147 190 106 780
14 165 938 754
104 129 183 706
106 120 71 374
33 114 206 647
105 192 526 543
52 100 934 511
92 145 125 167
94 2 925 125
13 135 893 985
32 198 572 401
109 125 823 730
10 89 567 231
162 177 866 845
54 166 554 325
121 156 688 357
30 162 403 666
141 198 62 869
74 180 172 844
17 166 433 300
56 62 404 276
8 35 825 859
47 53 975 366
61 6 532 548
52 132 581 734
53 144 281 159
7 141 971 14
96 101 327 71
152 180 881 302
15 169 925 904
10 183 251 851
46 173 915 248
156 195 863 771
78 81 10 392
7 145 49 445
133 146 626 859
171 198 925 556
3 130 442 691
6 107 488 238
174 199 193 102
167 5 376 492
29 148 428 838
29 197 958 874
129 196 915 995
21 185 11 239
153 194 350 828
163 170 81 597
99 165 225 777
191 1 491 557
140 178 617 431
0 44 518 424
17 56 416 670
54 125 454 275
37 137 473 460
65 171 385 833
0 56 797 585
0 121 321 142
0 190 648 615
116 186 505 893
58 102 951 199
119 195 890 682
76 108 249 986
101 114 15 473
23 32 247 683
36 152 258 963
18 107 938 952
75 84 539 169
58 187 333 606
3 118 212 685
117 198 550 356
143 171 324 533
11 42 298 593
51 78 957 230
62 96 320 961
1 194 70 964
83 136 833 921
45 84 327 109
18 196 559 496
27 65 755 827
78 166 394 419
63 187 956 658
3 110 872 980
82 136 971 636
8 161 658 992
99 161 581 501
14 157 249 242
12 192 421 60
96 150 320 983
125 187 355 507
86 125 889 746
91 152 686 340
136 147 27 368
21 169 1 386
88 42 45 529
4 148 634 539
151 164 505 718
90 176 453 771
49 82 746 529
100 161 856 945
6 22 98 790
148 194 489 214
162 197 164 514
40 57 360 877
122 160 460 169
9 179 11 106
57 159 782 347
4 132 331 623
12 50 427 617
155 43 876 161
50 94 599 162
44 104 679 887
43 79 713 560
10 114 984 391
65 118 418 268
0 68 961 371
42 180 272 236
71 150 935 636
22 47 190 202
170 190 428 452
21 67 764 806
189 192 356 823
97 172 268 277
130 165 34 682
19 123 811 133
77 120 979 736
40 134 974 172
86 178 43 291
0 72 291 175
112 126 370 662
136 139 113 131
109 129 574 774
15 116 670 469
91 176 828 985
13 62 6 859
181 90 990 498
47 73 826 523
145 160 127 364
173 30 711 246
61 129 935 325
108 138 872 869
22 157 382 904
22 116 135 780
20 37 193 344
29 168 210 586
117 137 772 404
116 166 617 103
158 180 210 778
34 146 858 665
91 107 818 309
13 115 557 429
41 101 447 801
39 165 412 937
15 47 191 786
146 163 669 694
97 176 67 695
75 161 102 227
9 138 742 905
17 101 331 444
142 159 45 759
71 89 547 865
45 152 524 530
80 127 538 187
65 195 903 607
31 109 95 394
30 93 941 489
17 113 225 934
123 182 285 210
50 159 615 386
38 97 367 157
113 8 106 242
49 151 307 733
1 190 685 453
19 21 689 556
43 95 981 555
125 150 887 790
99 108 116 726
68 137 522 574
82 83 866 413
141 190 614 933
46 63 995 296
109 117 627 895
3 114 164 702
44 153 709 588
50 131 18 590
86 153 979 140
60 103 655 834
28 30 494 259
101 130 767 219
138 148 625 483
21 116 294 682
94 195 403 562
11 160 828 932
148 103 400 369
94 159 232 789
36 107 365 920
41 126 581 379
47 142 18 324
43 164 80 842
121 131 398 235
57 90 188 100
81 82 986 250
84 99 266 122
126 191 624 255
3 73 819 271
14 149 529 861
31 125 994 685
58 175 434 751
42 54 471 753
42 66 541 184
61 137 168 389
30 36 745 750
108 113 876 47
21 144 178 669
116 178 63 902
32 149 300 518
32 76 154 485
16 77 436 285
79 125 755 206
122 164 560 651
57 102 755 814
10 126 305 807
130 177 231 231
86 141 158 575
3 155 77 124
50
28 17091
36 17339
106 17483
15 17487
70 17457
48 17426
135 17522
198 17508
128 17440
185 17141
121 17105
67 17134
168 17427
51 17113
192 17281
96 17246
83 17246
81 17285
72 17282
130 17071
85 17194
2 17425
123 17306
54 17121
93 17515
13 17135
151 17328
137 17436
100 17231
153 17368
126 5473
11 17519
41 17355
8 17303
35 17552
167 17317
150 17490
63 17428
134 17128
194 17136
161 17264
173 17116
3 17373
65 17232
99 17347
131 17116
71 17459
191 17134
170 17404
80 17260
90
12 8613 5309
104 1403 6942
174 3057 4122
45 6426 6059
129 2985 6283
19 5366 3480
9 4071 2339
185 4124 8154
137 2449 5825
109 1893 3975
32 415 1195
190 2644 1444
2 1990 8813
193 8868 7237
48 5442 8940
82 940 9980
83 7148 4937
74 8242 5537
115 3364 6908
119 6778 1908
172 6675 1444
16 3641 9726
139 6959 8932
7 3320 4428
133 7219 3818
147 9426 9979
123 5115 5203
31 22 8548
81 5649 5934
120 8103 753
153 5305 5469
28 3965 2463
135 3747 3233
60 8455 9081
67 1415 6930
111 3375 9618
141 8813 3405
63 732 8894
199 7195 3291
38 5553 1939
162 1141 235
49 7437 5604
130 6044 3
93 2202 1241
134 6201 3930
30 9649 3769
146 1503 8542
39 3960 2804
113 8132 8537
23 9154 1893
103 5157 2251
165 4566 7397
91 3077 1750
22 5362 3049
15 7596 5512
167 6790 3927
98 3916 3545
131 1984 1376
171 2685 705
154 5090 1207
85 6167 7823
181 8613 1211
177 4240 9065
5 9617 5226
96 2620 9278
105 4988 5017
159 2068 36
64 891 579
101 9946 2077
160 1835 6075
117 549 3055
100 8753 986
132 6489 627
80 4717 1132
13 2631 975
57 503 7261
156 6807 8219
169 3113 6108
163 3353 1640
114 5315 967
186 1983 5961
143 6048 5954
188 7560 8214
126 3407 6510
42 3091 9055
33 5604 9134
157 3799 1510
35 115 8011
148 7917 2479
50 2659 1612
488
