10 7
33 246 191 250 181 70 55
196 74 190 0 50 1 154
102 150 155 122 98 155 150
48 149 72 202 64 35 198
34 102 86 224 91 211 200
40 156 233 91 151 144 63
182 232 245 65 46 11 243
65 124 174 236 7 95 4
202 58 203 51 237 96 55
237 255 120 220 26 230 190
68 152 139 214 183 196 198
107 187 180 213 95 153 204
9 155 229 94 94 153 98
222 227 220 76 231 50 201
147 202 138 102 97 204 90
64 171 231 141 50 224 59
248 159 96 76 35 37 112
204 178 85 246 230 75 99
83 6 151 241 38 122 206
173 184 45 145 231 47 8
22 246 201 221 75 123 14
162 127 170 208 108 138 144
16 222 130 74 46 195 52
26 187 229 190 132 181 161
193 165 150 84 20 177 232
38 90 43 185 223 208 117
229 77 51 238 253 104 196
205 13 79 140 170 93 50
36 165 213 220 105 134 246
214 140 199 155 168 102 208
