7 7
153 173 174 72 201 78 14
236 111 116 193 101 73 206
232 102 14 82 192 32 190
10 10 78 191 243 156 247
222 64 100 223 75 30 41
46 23 213 75 234 37 196
48 62 62 11 149 245 220
252 191 59 220 196 214 57
203 232 214 45 97 78 234
58 95 67 140 21 78 100
59 11 246 114 240 163 5
192 37 90 227 179 192 123
149 110 24 63 161 15 33
219 112 177 218 196 99 242
142 87 39 214 108 59 251
74 192 146 31 99 203 53
88 234 62 147 185 74 195
27 111 142 249 203 72 100
210 148 177 47 211 223 123
90 79 121 215 103 232 69
136 248 97 180 54 141 240

