20 15
85 26 195 49 93 200 4 189 89 210 180 80 137 113 211
144 89 166 38 19 96 223 247 22 88 60 180 184 152 121
59 7 134 252 37 40 49 255 231 0 142 90 223 176 56
0 168 36 90 215 67 131 147 22 117 33 37 15 150 208
168 156 66 125 81 126 33 15 208 50 109 235 26 125 254
207 18 25 221 55 20 68 94 86 5 157 158 249 81 214
35 8 96 49 158 224 118 111 81 120 171 146 23 207 143
245 166 219 217 84 96 227 144 128 12 208 21 107 55 237
142 225 22 220 242 180 12 225 243 19 176 50 76 25 169
19 124 163 186 168 74 107 185 113 243 197 96 91 176 255
232 169 196 21 63 92 240 210 51 58 186 53 196 127 105
236 32 173 126 114 171 37 222 28 66 111 187 127 186 99
95 28 69 167 243 177 233 96 84 160 32 2 138 254 219
241 61 172 1 164 101 55 95 120 37 101 226 14 107 255
202 64 74 7 99 173 103 224 183 35 164 234 13 115 87
38 131 41 254 53 192 112 84 15 124 59 138 94 61 64
242 140 18 226 71 225 195 68 9 158 245 12 59 206 193
212 156 91 51 122 202 119 88 30 224 138 192 72 18 11
146 145 113 76 37 57 229 154 233 218 123 165 241 28 93
211 35 71 68 140 139 65 161 136 3 155 189 194 156 221
177 163 115 82 41 45 236 94 169 188 77 132 94 114 244
85 247 101 109 194 90 10 170 216 38 27 165 23 148 202
138 8 127 68 7 178 221 146 48 8 50 36 198 159 203
34 82 224 147 225 94 25 107 197 117 240 2 35 227 20
242 171 42 170 121 125 23 210 197 85 150 68 104 118 246
61 148 3 1 70 72 47 8 8 144 96 70 224 131 171
234 246 199 97 171 67 180 181 14 51 250 236 63 183 55
169 45 249 163 131 54 98 240 219 77 57 186 224 47 112
173 225 247 185 130 71 229 217 69 154 19 34 85 53 20
106 97 219 103 26 6 16 89 236 172 12 150 62 142 172
244 91 62 56 235 19 116 46 119 25 44 163 111 45 147
234 145 102 217 65 151 26 9 171 58 240 116 122 112 172
22 100 234 165 202 239 212 17 120 7 111 134 6 44 199
141 52 240 193 51 154 128 165 15 204 252 50 114 36 167
95 28 169 252 177 55 119 105 134 116 166 226 69 32 47
30 25 191 68 87 242 76 36 44 80 98 237 64 128 101
192 213 43 66 3 202 157 96 157 206 127 79 164 148 102
56 126 50 47 60 225 185 129 126 78 238 216 80 100 72
219 2 129 27 197 77 206 69 208 32 48 95 200 207 95
140 93 51 97 247 253 188 231 140 163 23 196 208 14 230
40 197 61 231 188 207 27 235 119 14 37 213 173 80 205
122 123 200 186 243 141 166 29 180 232 43 218 46 106 125
195 116 9 53 54 144 246 111 196 29 114 139 234 174 228
175 5 36 45 145 9 113 193 62 74 103 77 171 41 240
168 16 230 40 67 111 21 235 196 215 52 48 81 125 138
182 34 250 255 105 197 54 92 66 31 49 35 31 121 213
40 137 225 80 131 202 254 147 137 229 254 62 238 224 255
66 129 170 147 122 15 150 29 62 55 184 233 71 24 26
199 125 9 194 254 88 131 233 156 249 14 146 2 55 80
218 80 54 61 180 145 55 159 41 86 85 81 211 253 130
71 17 188 161 102 111 136 181 11 183 38 9 18 196 77
189 116 231 41 61 193 81 144 95 39 145 171 61 89 181
94 144 210 86 252 231 42 141 200 147 169 240 209 4 115
137 246 85 17 183 205 51 206 182 229 53 153 239 225 206
240 139 83 249 79 206 23 174 30 208 109 78 7 66 242
62 106 41 171 65 171 154 9 168 82 140 118 163 140 87
230 168 8 36 22 37 84 75 112 159 160 147 247 186 161
214 49 116 191 36 47 219 168 70 190 36 234 11 31 228
152 175 74 219 215 6 84 199 199 195 14 17 242 60 148
225 183 140 200 36 218 42 122 235 212 191 153 173 173 151
