40 40
78 84 41 60 104 117 89 66 97 91 18 58 10 54 4 56 123 99 55 2 79 58 83 88 32 7 27 56 53 69 83 119 90 11 35 82 78 113 66 7
60 68 85 3 113 114 79 34 98 83 34 121 62 79 70 84 114 106 64 42 77 47 18 34 73 86 67 109 24 33 119 117 28 47 6 4 43 57 95 5
109 52 66 29 21 42 70 54 18 102 76 24 122 93 59 19 99 118 105 40 88 34 8 89 99 14 42 117 69 37 39 19 16 23 56 30 78 47 67 87
96 98 122 44 34 102 95 49 110 95 29 23 38 52 119 16 32 90 2 55 93 68 54 123 69 64 24 108 108 103 0 9 76 16 12 124 30 78 82 124
52 112 106 112 40 46 122 108 48 112 29 114 102 117 50 98 23 89 70 109 40 45 115 92 106 26 70 119 8 38 12 106 85 99 116 2 72 82 24 66
89 98 70 93 58 85 76 29 98 114 18 21 49 92 70 22 104 68 85 67 45 94 72 4 94 55 65 115 84 46 31 116 91 17 29 84 88 89 54 19
87 85 44 96 37 109 38 90 79 56 80 31 8 26 120 96 47 9 86 34 28 62 38 117 111 38 6 7 8 4 71 92 61 110 42 40 28 80 98 105
39 65 76 37 78 37 42 48 46 27 21 62 56 59 84 76 20 31 95 94 104 53 98 96 15 109 10 35 111 80 33 85 74 11 72 34 123 108 104 115
109 88 110 36 1 77 123 41 80 114 45 46 49 26 17 55 70 13 46 101 84 43 25 43 64 87 102 94 99 30 104 61 5 97 45 40 62 9 97 48
33 2 106 12 98 82 29 84 46 67 29 92 43 55 103 28 8 75 115 48 63 94 99 27 22 43 31 53 30 117 122 85 24 85 53 16 4 35 70 108
2 80 26 94 30 117 65 4 36 100 26 3 64 86 48 4 104 74 107 26 52 90 44 71 30 103 12 112 122 2 1 32 55 33 71 14 18 104 96 8
68 30 33 54 120 121 95 79 98 33 52 8 96 23 100 7 6 63 24 59 40 8 35 45 38 47 65 89 1 56 65 91 85 105 28 10 50 16 38 80
56 121 17 61 26 122 53 17 114 124 82 13 66 23 100 79 96 112 89 48 76 75 110 52 102 93 20 34 106 90 24 68 104 55 101 103 2 124 88 24
109 26 41 54 57 59 12 24 72 51 68 84 46 88 3 94 38 51 41 74 107 54 119 3 67 78 16 39 9 7 68 59 10 77 51 114 118 66 89 5
55 102 108 81 52 101 124 53 13 46 4 84 64 87 7 97 94 62 105 5 18 111 92 82 39 87 46 13 4 31 90 109 100 85 38 16 56 38 47 3
88 32 56 97 8 36 93 8 60 9 20 63 33 80 6 54 110 86 20 82 54 23 68 27 63 30 63 42 43 48 61 47 78 108 109 106 18 27 7 120
110 27 107 74 65 76 93 75 121 109 120 23 98 103 124 36 108 33 5 59 34 18 58 32 96 11 12 67 109 54 64 43 80 107 26 45 12 46 14 88
64 64 116 70 54 72 8 19 90 10 15 63 40 10 24 20 112 93 62 30 107 55 34 13 81 31 53 108 3 70 81 19 25 94 69 122 25 50 10 105
122 113 24 108 87 110 37 68 12 101 34 81 25 42 39 83 76 80 27 41 112 82 108 80 49 25 53 19 118 0 4 7 72 51 52 1 19 44 105 108
85 9 49 106 53 87 19 39 93 89 114 83 39 80 110 85 100 15 64 11 26 61 56 0 28 98 97 46 73 61 10 51 0 82 110 67 18 124 8 47
12 124 85 78 88 30 98 106 114 13 40 17 38 67 116 2 72 89 9 31 16 112 69 113 99 105 82 56 1 107 15 55 14 99 13 56 100 108 17 77
55 46 60 116 58 114 110 82 85 87 17 90 57 64 86 90 117 50 70 49 86 79 2 121 47 61 95 120 5 3 87 46 67 120 64 41 87 61 50 29
82 26 21 90 95 96 38 93 51 72 90 103 24 15 27 46 119 57 0 65 5 118 64 84 53 28 49 88 20 15 23 27 29 75 88 53 61 76 58 119
85 24 31 44 25 8 38 117 86 123 110 9 36 10 56 43 74 18 51 101 52 47 26 85 32 83 38 50 72 41 4 70 102 33 103 17 121 24 30 90
76 106 103 103 76 75 96 55 6 94 41 29 27 20 6 12 113 46 124 41 85 16 83 41 49 71 96 73 9 45 46 71 68 15 88 80 24 123 12 84
119 69 52 52 101 6 109 23 32 72 34 34 85 12 109 120 93 39 74 40 40 63 86 24 2 76 77 104 89 57 66 15 71 107 54 1 76 99 71 69
51 74 113 5 118 39 112 57 74 112 95 58 15 34 75 83 46 79 32 57 73 98 12 55 19 50 25 39 100 66 98 56 76 70 113 101 54 84 71 54
5 42 108 82 42 73 26 73 83 50 34 33 8 24 45 80 77 29 14 8 94 98 43 117 74 7 69 3 60 34 26 26 114 123 85 81 52 40 64 26
80 2 72 84 46 82 44 84 11 123 80 16 56 88 65 65 98 56 28 50 42 38 77 49 107 15 46 35 63 119 70 55 36 118 15 31 36 86 74 79
62 15 79 113 91 100 117 17 30 7 45 36 112 115 4 70 62 28 45 94 5 117 108 74 43 93 46 55 51 63 86 33 6 5 91 51 123 96 122 11
59 79 34 122 16 65 88 121 44 17 83 80 106 26 7 90 66 104 56 87 36 56 20 67 93 30 40 70 40 97 23 34 86 117 35 105 44 32 51 12
33 56 124 121 47 5 4 104 47 54 25 72 88 34 52 109 100 9 108 106 46 12 58 122 12 63 68 114 120 61 14 124 40 100 81 73 119 68 101 20
49 92 43 36 85 44 41 61 7 95 35 75 89 120 55 13 61 106 102 74 64 71 123 82 33 22 49 119 43 16 13 88 23 32 41 56 29 91 13 46
114 48 26 7 95 60 41 38 86 80 7 88 112 85 15 12 29 57 83 60 67 44 104 10 60 77 109 104 82 118 30 6 90 75 35 57 48 96 33 108
114 107 76 0 31 66 84 27 42 41 99 94 121 9 92 0 57 53 12 99 21 10 5 0 8 100 6 14 48 35 78 123 102 64 111 105 83 52 100 115
76 78 105 106 107 36 71 100 94 104 0 124 80 88 8 68 20 29 120 97 92 35 10 82 40 48 32 101 105 49 92 6 46 68 74 47 52 42 97 113
83 60 85 1 42 1 17 36 9 65 52 42 1 36 88 105 30 11 32 36 122 97 69 41 80 41 28 75 88 60 67 72 70 74 120 77 45 103 71 13
73 34 75 109 34 41 25 90 26 52 49 95 55 0 100 90 36 111 43 108 10 100 89 118 58 109 98 41 70 24 53 19 45 32 102 73 105 91 119 106
42 2 110 95 111 60 4 114 35 108 51 115 88 25 37 23 97 57 85 80 28 98 106 67 29 14 41 109 41 97 5 118 83 17 84 27 67 11 101 107
22 78 120 41 53 15 24 48 64 55 34 23 47 8 98 18 3 32 32 96 113 2 78 25 14 113 116 57 123 2 58 49 89 50 70 92 99 48 88 87
16 107 63 4 97 87 89 97 94 15 68 29 86 58 15 74 41 45 83 22 53 38 118 95 8 61 122 2 63 3 100 60 117 53 56 84 39 47 47 3
111 88 44 69 46 51 35 88 122 77 23 73 83 96 12 117 15 67 82 119 113 81 98 44 48 90 26 17 120 83 92 14 53 65 56 11 64 116 6 35
79 16 6 24 77 104 13 29 78 38 74 29 77 15 2 92 73 38 2 8 3 29 96 0 91 79 1 57 83 48 92 52 23 26 120 89 91 40 81 77
55 57 49 81 46 81 45 31 26 96 16 42 52 84 104 19 36 115 95 104 79 81 19 61 59 97 124 44 96 18 16 94 20 5 56 91 6 115 93 73
106 47 10 20 58 74 77 82 8 46 61 109 47 103 63 4 19 13 27 59 117 61 73 115 110 120 119 40 7 10 116 64 104 52 12 103 91 21 96 86
30 10 97 114 79 57 19 1 37 114 59 10 43 114 68 20 45 86 102 58 122 25 19 26 44 96 72 41 37 114 22 66 42 17 19 32 84 1 26 19
24 19 120 116 85 123 105 110 34 58 76 8 28 96 35 120 123 53 35 67 91 45 117 99 5 19 100 50 117 107 92 94 56 44 82 48 64 42 57 92
115 104 3 28 76 4 108 3 87 53 110 99 66 35 51 46 12 47 43 97 102 79 9 12 52 79 73 69 114 36 101 49 72 77 23 37 17 90 85 85
82 115 118 33 14 41 69 19 84 28 36 37 36 6 28 59 34 55 66 46 43 62 16 85 64 73 64 56 28 104 25 105 26 68 19 35 82 83 64 81
61 26 35 20 3 109 82 12 23 69 73 60 7 13 55 71 39 113 75 30 29 54 32 51 36 98 2 117 15 71 69 98 91 62 60 6 87 84 5 28
16 62 83 70 53 52 88 105 33 85 78 33 37 58 104 104 15 65 51 117 42 82 0 121 24 92 46 19 66 39 103 95 97 57 25 70 98 60 11 36
23 100 121 77 118 49 32 33 52 114 123 97 105 15 53 88 86 70 46 43 54 44 113 57 61 23 8 92 72 79 62 16 62 43 71 29 52 124 32 41
66 24 16 90 45 21 69 94 85 42 14 52 124 69 122 8 36 104 39 47 124 60 83 117 15 78 13 85 107 122 26 83 90 54 38 104 90 65 47 59
27 22 122 95 14 35 124 55 19 13 16 111 90 3 70 31 110 29 60 117 112 104 2 36 106 19 59 34 7 3 50 74 108 4 13 8 100 61 38 99
85 122 82 36 94 48 52 93 88 90 31 73 112 31 115 109 92 60 117 100 31 44 37 79 108 47 94 56 81 56 64 86 65 116 74 13 45 47 28 33
27 122 106 80 94 84 102 53 40 96 26 113 76 34 58 101 48 3 23 18 51 19 123 30 2 105 0 54 94 66 57 98 2 94 102 99 37 80 92 104
122 12 58 96 37 123 11 39 41 10 5 74 115 118 42 67 84 19 47 44 64 93 47 108 40 51 3 92 105 15 82 79 12 18 59 109 65 47 6 101
16 21 96 21 73 47 114 40 77 82 7 24 32 65 109 35 20 55 67 114 10 67 80 117 36 8 108 104 22 2 116 45 18 64 37 69 16 86 47 115
17 16 14 27 45 5 10 122 89 121 56 97 7 43 77 64 59 116 111 84 6 22 114 13 15 117 52 111 100 80 37 118 99 56 71 58 47 101 85 117
17 102 104 83 120 95 5 35 0 114 107 38 120 0 56 46 56 112 9 7 47 92 32 88 70 0 2 32 45 69 71 48 28 6 17 29 105 40 91 108
95 87 121 7 107 59 43 23 96 114 72 29 114 13 54 120 5 108 16 81 10 33 105 66 54 102 89 9 99 10 60 19 46 109 22 14 11 27 25 37
64 66 112 110 104 123 79 99 44 38 116 25 89 121 76 122 63 107 81 58 121 81 4 32 0 94 75 97 39 55 92 58 75 119 91 108 18 113 82 18
27 123 50 99 114 122 52 57 55 98 57 8 24 78 78 61 87 88 94 117 98 118 14 49 56 111 94 124 108 18 7 94 57 1 61 1 31 95 1 78
12 2 81 61 33 81 101 109 98 7 30 19 53 18 24 36 61 115 51 11 97 94 99 88 115 104 61 9 24 18 116 17 75 23 2 104 13 11 110 58
71 48 109 69 55 87 83 67 56 34 111 49 18 86 91 85 62 90 111 40 27 60 47 4 93 89 34 63 51 78 44 66 0 105 28 72 38 92 2 16
87 90 61 48 91 65 18 105 17 93 36 45 82 29 63 8 31 26 16 23 124 111 24 19 106 75 46 57 68 87 116 39 3 11 85 84 25 70 75 34
24 58 67 75 74 117 115 10 23 67 85 33 40 48 96 80 66 15 69 12 111 110 42 109 54 13 53 15 44 37 41 40 114 20 89 37 117 95 85 1
72 41 16 115 54 96 43 1 42 63 34 120 116 20 38 87 8 55 39 45 83 120 95 11 91 58 112 99 48 99 58 92 91 65 30 10 4 61 62 37
67 118 48 42 29 108 69 56 92 16 36 45 51 110 42 94 105 13 12 47 73 93 0 71 25 72 43 97 46 106 119 101 84 85 10 18 31 51 124 9
104 83 13 49 94 41 38 112 1 35 84 109 41 36 103 4 106 85 88 11 11 67 48 104 20 16 1 35 62 39 36 19 63 27 91 104 52 7 46 102
123 84 21 122 90 19 57 7 10 23 101 105 80 100 105 44 12 60 2 29 38 42 78 56 45 117 87 25 45 26 108 17 79 96 46 66 12 115 28 48
29 89 73 37 72 15 14 23 81 110 76 108 30 37 109 12 2 92 110 102 101 49 53 88 72 41 9 25 110 113 48 93 19 16 51 83 48 1 6 122
95 21 24 67 78 92 51 66 53 34 14 35 64 38 23 44 101 54 29 21 37 89 65 45 58 104 72 23 40 100 53 121 91 102 99 21 86 107 6 105
112 122 91 73 59 8 92 116 99 49 25 96 18 78 57 15 39 13 92 4 27 72 106 106 72 84 62 35 93 23 9 32 84 50 39 85 3 58 89 90
13 13 7 99 53 0 70 90 23 55 121 117 24 78 86 107 118 33 101 20 40 92 80 43 82 64 3 49 45 123 2 95 78 21 59 95 71 6 100 39
100 65 5 113 55 1 14 13 96 25 21 54 34 102 8 39 53 76 49 77 110 124 52 118 20 42 30 13 26 113 77 31 87 103 26 120 55 82 65 40
63 48 53 12 98 73 61 56 31 82 52 67 6 104 74 84 78 0 16 64 19 93 9 42 111 29 0 13 69 88 13 22 107 113 14 44 79 76 101 79
73 71 95 88 2 88 100 24 119 111 105 121 97 31 98 67 27 106 89 94 92 40 94 25 72 90 105 34 11 41 121 89 32 3 47 70 108 83 81 71
114 122 50 99 104 100 51 77 1 7 120 52 14 52 25 83 55 69 21 2 7 97 49 84 90 19 96 7 108 54 7 18 108 119 73 55 61 87 77 97
17 64 77 0 114 24 79 44 87 27 46 56 55 120 60 101 18 93 76 50 51 25 62 105 108 87 122 122 68 37 54 116 38 58 91 85 87 7 17 28
96 121 98 90 21 23 15 71 78 119 85 87 118 103 124 102 35 15 78 50 29 6 99 121 17 70 63 26 60 75 95 5 100 60 101 74 96 91 119 120
94 68 124 114 64 62 105 97 90 38 29 88 79 39 91 38 56 73 77 117 26 2 70 67 39 63 101 65 47 87 81 35 74 113 6 21 20 90 1 120
113 34 88 68 98 60 107 94 103 80 81 54 36 117 84 76 27 106 54 116 13 19 29 50 99 35 113 75 4 87 73 24 49 28 117 87 88 13 60 76
66 37 59 91 70 78 49 101 17 112 5 60 107 90 82 80 33 57 11 77 26 105 88 1 31 74 72 82 88 106 89 54 39 105 66 70 68 120 64 119
12 95 45 78 105 31 77 91 99 53 87 121 56 113 26 16 87 20 43 23 98 27 16 89 4 35 31 77 120 28 58 77 22 98 100 84 24 63 79 88
119 73 85 58 122 24 44 63 29 95 6 103 96 42 38 0 59 78 16 72 107 46 19 68 83 67 101 10 48 87 39 117 5 68 107 124 16 81 6 16
24 120 4 23 44 107 6 23 85 114 33 123 0 100 17 98 44 117 111 87 80 112 101 17 90 42 43 57 75 13 20 115 48 50 122 18 111 19 5 2
94 116 108 75 9 124 102 86 89 55 57 0 124 8 68 20 19 33 42 53 110 112 23 78 93 89 65 0 114 76 75 23 26 107 58 66 2 74 2 60
78 110 3 111 74 113 107 34 94 92 17 69 112 22 101 86 28 99 42 110 18 110 5 89 21 120 14 80 87 67 27 57 12 103 124 54 97 35 95 114
77 119 56 73 47 13 7 111 22 80 60 112 106 67 124 117 93 40 75 62 113 33 85 53 45 119 5 9 115 58 97 100 69 3 108 31 7 110 20 42
84 119 74 17 119 7 65 98 115 89 37 28 0 9 65 44 116 26 78 48 36 19 65 28 102 22 36 55 122 59 18 80 66 7 5 117 51 81 78 71
90 75 44 69 5 124 91 109 76 52 28 75 97 74 10 54 25 63 61 44 54 35 59 122 18 82 25 89 15 85 2 14 121 65 62 98 51 98 65 42
25 7 60 104 0 99 24 98 85 47 74 43 19 86 92 65 19 13 13 106 37 19 68 39 80 54 71 85 13 30 18 26 89 42 31 51 43 121 75 118
92 60 31 30 122 26 25 22 3 106 15 101 30 42 5 5 90 22 11 63 56 113 46 102 124 36 48 33 41 105 39 105 123 58 75 22 40 93 101 110
28 124 99 65 61 47 96 0 4 119 118 8 9 84 38 32 54 12 108 18 63 43 65 48 18 49 67 30 49 18 114 33 92 101 102 124 123 87 24 5
50 94 3 57 58 37 36 10 2 91 49 117 83 40 13 33 44 82 13 4 91 38 12 35 117 123 93 80 101 6 84 72 102 33 109 25 80 82 39 106
23 66 103 95 73 32 72 45 92 33 94 62 73 26 57 1 22 49 88 12 99 105 86 36 62 64 69 4 68 32 44 112 47 3 76 2 122 45 26 6
28 36 29 32 109 97 116 22 72 82 123 101 96 25 21 120 64 117 117 103 59 50 2 11 104 95 77 47 73 45 45 73 77 115 102 30 43 41 33 80
110 64 93 52 61 10 96 111 16 17 121 83 112 90 55 118 105 62 121 71 28 94 82 6 77 123 57 62 0 82 56 111 90 112 23 21 31 31 61 77
61 105 62 69 79 108 119 27 109 22 49 55 26 64 58 79 22 105 32 117 46 51 3 80 12 50 122 70 24 84 47 108 48 117 83 32 5 123 58 30
16 96 101 66 2 105 5 99 20 38 67 124 86 46 68 86 61 122 18 25 80 16 84 18 71 86 30 62 59 31 85 21 36 43 108 93 29 89 54 94
2 48 86 50 46 74 88 2 74 111 121 119 50 0 44 108 96 17 9 87 86 124 54 77 120 103 17 7 115 66 64 39 48 111 29 109 113 110 61 77
120 67 75 116 104 77 16 4 6 29 20 86 47 91 83 62 11 26 4 110 93 102 3 88 61 16 94 56 109 50 49 113 6 67 52 41 4 70 77 48
1 68 45 65 9 64 124 81 94 85 24 117 35 97 31 104 110 94 64 122 78 12 44 109 43 104 35 72 91 117 94 107 76 113 54 16 34 108 53 77
74 24 4 74 17 10 80 111 72 22 96 118 1 2 60 39 78 16 108 37 17 95 86 95 20 37 112 3 34 67 47 50 25 59 4 48 79 35 70 107
55 118 9 85 74 44 11 46 6 97 78 82 119 89 41 53 56 26 71 42 7 94 6 51 57 56 75 114 120 41 32 111 13 13 110 28 47 99 26 117
36 49 8 68 109 93 55 54 66 19 41 48 114 90 105 97 75 93 9 24 91 42 23 30 56 70 45 31 12 16 41 9 71 87 119 27 51 21 123 120
87 79 64 68 87 28 94 43 110 38 89 105 65 91 36 87 94 111 37 98 86 15 43 3 36 112 120 21 103 53 75 102 73 114 76 64 53 57 56 79
29 30 90 5 35 59 94 45 112 6 52 62 88 5 14 104 107 55 122 124 16 122 27 0 52 124 0 37 17 69 76 105 61 51 4 110 40 103 18 87
54 17 87 94 49 70 105 103 1 51 20 98 15 25 2 111 75 91 113 75 30 97 69 82 26 121 41 7 96 124 71 85 121 47 58 58 116 60 1 50
102 117 121 43 83 101 109 36 109 56 35 66 99 84 4 58 103 34 112 75 46 36 36 17 6 21 46 95 28 54 44 44 86 41 59 55 42 30 46 22
72 117 95 57 111 79 85 25 15 29 84 101 96 16 50 71 35 5 45 11 22 0 2 69 82 14 25 30 13 62 73 98 77 11 20 79 33 30 14 23
116 95 88 59 27 29 76 94 109 91 17 117 56 88 124 105 35 69 25 105 8 43 29 52 114 93 73 106 67 17 120 3 41 19 12 9 46 106 56 92
124 95 80 58 70 37 24 60 21 92 106 75 94 59 6 87 12 108 81 72 57 0 72 27 116 51 56 49 82 94 30 54 101 102 47 7 115 77 121 85
88 52 82 121 46 20 81 23 106 27 38 9 68 49 63 103 10 2 14 42 33 63 93 69 28 74 39 63 122 71 42 79 47 107 3 72 64 4 26 109
59 68 15 83 59 120 16 59 84 92 36 57 65 20 63 123 55 118 114 61 85 43 70 104 48 89 108 94 52 104 105 102 55 114 3 115 102 109 12 60
77 101 81 15 115 79 92 75 98 54 89 14 38 70 103 37 24 68 82 23 27 90 94 113 7 120 40 88 105 83 124 8 61 20 45 45 86 33 79 65
81 75 36 26 70 102 61 65 82 32 86 65 29 12 96 6 31 0 40 29 4 72 89 108 71 31 42 67 38 12 4 120 41 17 53 28 49 13 13 73
79 99 97 116 90 89 72 60 52 74 52 40 85 95 75 18 11 68 25 70 52 123 73 122 86 122 98 38 81 108 36 1 77 114 89 92 123 17 61 15
70 40 117 118 45 69 93 107 99 14 113 85 91 64 50 43 112 95 71 81 82 67 1 60 27 6 106 4 16 26 6 33 64 15 104 118 19 31 20 36
